#prcp
,eco001,eco002,eco003,eco001,eco002,eco003,eco001,eco002,eco003
TIMESTEP,MEAN(mm/month),MEAN(mm/month),MEAN(mm/month),VARIANCE(mm/month^2),VARIANCE(mm/month^2),VARIANCE(mm/month^2),STD_DEV(mm/month),STD_DEV(mm/month),STD_DEV(mm/month)
2014-01-01,83.35312678125,99.2570262644628,114.232933240964,138.28584870064,46.7598845148192,89.106794537209,11.7595003593112,6.83811995469655,9.43963953428355
2014-02-01,65.7390636484375,84.9669444132231,99.1313279799197,106.574531282044,55.8692539818738,96.9292128301689,10.3234941411348,7.474573832793,9.84526347185127
2014-03-01,97.4226583828125,112.524379628099,130.287549995984,136.948186170965,48.2063118522053,66.8443902458531,11.7024863243229,6.94307654085746,8.17584186771326
2014-04-01,43.6437503984375,54.1214884256198,64.5666673815261,43.2239082703785,48.382024203787,25.4225581395255,6.57448920224062,6.95571881287528,5.04207875181711
2014-05-01,92.43124928125,108.32603203719,125.44658648996,123.239380287833,145.919027944438,79.1765254131337,11.1013233575026,12.079694861396,8.89811920650278
2014-06-01,65.6218765078125,75.2743806198347,85.4433751084337,66.9056591335288,90.0431651214387,249.314296067735,8.17958795621936,9.48910770944448,15.7896895494413
2014-07-01,87.417969296875,101.466116909091,117.54778886747,60.71202828003,221.173276520992,656.647034463026,7.79179236633203,14.8718955254867,25.625125062388
2014-08-01,62.532031671875,72.746281214876,81.4694797269076,11.2199905371379,46.2364523224142,33.1489077860039,3.34962543236373,6.79973913635032,5.75750881770961
2014-09-01,218.0507875,257.284300867769,299.903615783133,194.824882965937,399.268027162239,343.597138059283,13.9579684397815,19.9816922997588,18.5363733793664
2014-10-01,125.226565085937,152.38801811157,181.682727429719,156.401301364762,332.389565691044,231.188593947419,12.5060505902048,18.2315541216607,15.2048871731236
2014-11-01,84.268750046875,100.298762132231,118.228114771084,127.92108352742,136.070013917009,90.6306759700479,11.3102203129479,11.6649052253762,9.52001449421417
2014-12-01,122.38750228125,138.813638206612,160.002415140562,118.08316284026,145.693439667497,303.326863506764,10.866607696989,12.070353750719,17.4162815637197
2015-01-01,81.453126484375,97.1603325247934,110.838151670683,133.585820584411,47.5332748080277,77.6127914357843,11.5579332315259,6.89443796172158,8.80981222477439
2015-02-01,87.4835955078125,111.762808016529,131.625701995984,169.192481217834,105.115036406046,193.234342759976,13.00740101703,10.2525624312191,13.9008756112691
2015-03-01,84.677345296875,98.1012383677686,111.851809257028,100.44174640986,28.1379820310782,24.7296031356218,10.0220629817348,5.30452467531994,4.97288680100621
2015-04-01,143.067189132813,173.966946528926,207.337753574297,412.057975119889,489.46012261948,257.772216759142,20.299211194524,22.1237456733592,16.0552862559078
2015-05-01,164.3328128125,190.548760661157,219.813254417671,357.512064038504,420.282125793946,291.848024402576,18.9079894234819,20.5007835409758,17.0835600623107
2015-06-01,131.99453240625,150.808262871901,172.587550028112,254.613078153537,374.899196396913,1036.80306444671,15.9565998305885,19.3623138182634,32.1994264614559
2015-07-01,178.708595859375,202.690502231405,230.872298192771,183.636592568916,652.173626223313,1886.59246680627,13.5512579699789,25.5376903071384,43.4349222032948
2015-08-01,179.794534453125,202.257028512397,223.22972184739,78.2183145225713,288.486482951126,350.766505404676,8.84411185606397,16.984889842184,18.7287614487631
2015-09-01,103.618750554687,123.648347305785,138.757429686747,194.927504747589,245.785308497177,80.1424986676392,13.9616440560411,15.6775415323059,8.95223428355398
2015-10-01,79.0062504453125,96.8466948471074,112.337753349398,114.164361047959,244.068396971333,152.535751800334,10.6847723910226,15.6226885321104,12.3505364984819
2015-11-01,64.27265771875,77.4958682933884,90.8542139236948,92.1925396815674,101.955388681452,56.7983670467678,9.60169462551103,10.0972961074464,7.53646913658961
2015-12-01,66.85547084375,80.2797526528926,92.7076314698795,66.0549276987935,65.7648577198506,92.5325424347427,8.12741826773998,8.10955348461619,9.61938368268689
2016-01-01,112.9249999375,130.18223027686,149.052612742972,207.426624108784,69.7584100546553,172.6005172676,14.4023131513234,8.3521500258709,13.1377516062529
2016-02-01,52.11640703125,67.4644631198347,78.9835350843373,68.389886913348,33.0860399821586,50.2464545376511,8.2698178283048,5.75204659074999,7.08847335733521
2016-03-01,59.2062511328125,70.4173557975207,81.6317255301205,63.1314423180271,24.3318959413754,25.1011214177578,7.94552970657256,4.9327371652436,5.01010193686294
2016-04-01,94.37343878125,115.048349561983,137.640564172691,190.503870578068,237.626269483049,128.053637945334,13.8023139573793,15.4151311860473,11.3160787353806
2016-05-01,187.844533359375,216.642978429752,249.874300401606,463.486734266578,550.222277223505,389.377488641981,21.5287420502587,23.45681728674,19.7326503197614
2016-06-01,26.4937504296875,30.8334715454545,34.6662654497992,8.54641792509932,8.22953776625135,28.9229704260122,2.92342571739036,2.86871709414702,5.3780080351383
2016-07-01,79.33984353125,90.3045479173554,103.735343935743,36.5490312921959,122.355796950157,249.55897855949,6.04557948357276,11.0614554625581,15.7974358222937
2016-08-01,68.7453131015625,78.9107446942149,87.4385547751004,19.8743103080513,55.611421522312,46.7694853274352,4.45806127235274,7.457306586316,6.83882192540756
2016-09-01,12.1023439453125,15.834710892562,18.4289158554217,2.53487663273934,2.32551203590484,1.30311234860161,1.5921295904352,1.52496296214198,1.14153946432071
2016-10-01,98.5687514375,120.891734227273,141.292369694779,142.300127126825,263.465491914767,158.037425969658,11.9289616952535,16.2316201259999,12.5712937269661
2016-11-01,111.810158046875,131.753720731405,156.426908650602,180.769092356011,183.708896268543,157.620375456628,13.4450396933594,13.5539254929538,12.5546953549908
2016-12-01,76.6867197109375,90.3847120867769,104.124497421687,75.9091998704435,75.6329223381756,122.975625467019,8.71258858608872,8.69671905595297,11.0894375631507
2017-01-01,95.62109484375,111.856197099174,126.916466176707,153.434488757286,49.0852732101744,91.0839424597701,12.3868675926275,7.00608829591623,9.54379078038544
2017-02-01,49.62187484375,63.5479344628099,74.4767073172691,58.5836040320921,26.0876549125447,40.8369396656742,7.65399268565708,5.10760755271435,6.39037867936433
2017-03-01,115.8695359375,135.265292719008,156.085949839357,186.566476698015,55.3021299292532,73.4201054584814,13.6589339517407,7.43654018541238,8.56855328853602
2017-04-01,55.50312615625,67.8917363636364,79.6329330200803,55.8050310053212,52.8304724065644,24.0770584436846,7.47027650126293,7.26845736085481,4.90683792718739
2017-05-01,199.254690859375,230.886780330579,266.03615184739,543.935391909328,604.735868125315,373.178510548424,23.3224225137383,24.5913779224613,19.3178288259427
2017-06-01,68.271877125,79.6772729090909,88.9349406987952,67.989590326789,54.3295627651601,196.43759588125,8.24558004792804,7.37085902491427,14.0156197109243
2017-07-01,44.8820315,52.0161167396694,59.8634555301205,11.178173724611,42.4767170343229,125.2373449715,3.34337759228763,6.51741643861453,11.1909492435405
2017-08-01,176.54218921875,196.717358057851,216.914461204819,69.2172491570718,310.300677140664,245.338603740099,8.31969044839241,17.615353449212,15.6632884076141
2017-09-01,77.6703114609375,90.1198327190083,97.6461830441767,72.1655811575342,116.870950921682,91.4781693141258,8.49503273434153,10.8106868848229,9.56442205855251
2017-10-01,198.617973671875,237.827694752066,277.288759879518,709.106218450841,1570.5589499845,821.765998166769,26.629048395518,39.6302781971625,28.6664612075988
2017-11-01,96.932813515625,113.73595331405,134.776306550201,123.466620031273,125.545725102669,115.270917586714,11.111553448158,11.2047188765568,10.7364294617305
2017-12-01,151.1328160625,166.878928016529,192.711245823293,153.014856217305,163.227634013099,487.827341755601,12.3699173892676,12.7760570604979,22.086813752907
2018-01-01,65.3390622734375,80.4533069338843,92.6469856064257,108.085699568261,42.1989971831671,58.0262113623644,10.3964272501789,6.49607552166438,7.61749377173125
2018-02-01,40.9757814140625,55.1243805165289,64.240160690763,56.2043648133322,24.6040000459919,37.4185217702329,7.49695703691386,4.96024193421973,6.11706806977271
2018-03-01,93.09297090625,109.818595661157,129.176707277108,143.631582354052,67.470779852932,110.416627555845,11.9846394336272,8.21405988856497,10.5079316497513
2018-04-01,51.421876078125,62.8028935123967,73.8152620562249,52.6417265949851,49.6061701339312,21.8200105247664,7.25546184573974,7.04316478111447,4.67118941221252
2018-05-01,60.8210945078125,69.5037206157025,79.9718888473896,53.8796184738871,72.6612131178524,63.6950078323203,7.340273732899,8.5241546864104,7.98091522523077
2018-06-01,99.0195334609375,113.124791512397,125.117269927711,102.089728612782,79.7346039045321,355.920734288955,10.1039461901171,8.92942349228281,18.865861610034
2018-07-01,174.874220078125,197.160746570248,224.268274658635,144.54645432012,491.844018301852,1368.85772268632,12.0227473698868,22.1775566350726,36.9980772836417
2018-08-01,228.6390640625,255.45165553719,282.246191646586,128.413121101533,563.056230426517,513.583317664294,11.3319513368851,23.72880592079,22.6623766993732
2018-09-01,232.9757853125,274.628101983471,312.803218634538,488.423704433737,680.069711616074,300.27915245391,22.100310052887,26.0781462457759,17.3285646391705
2018-10-01,55.6437509296875,70.0173568719008,79.8172698594378,79.6613793196037,155.928145301433,112.61960337599,8.92532236502434,12.4871191754316,10.6122383772694
2018-11-01,95.2617214375,113.661982991736,133.805623204819,170.074567349797,183.017088001404,109.431103257178,13.0412640242346,13.5283808344312,10.4609322365255
2018-12-01,40.25390603125,52.9780996322314,61.9212867389558,52.6476977204322,53.6780644053315,48.0022636137787,7.25587332582592,7.32653153991243,6.92836659060263
2019-01-01,96.623437703125,113.305373198347,129.088356405622,167.595891961351,57.3317680995781,109.884239683378,12.9458832051487,7.57177443533404,10.4825683724638
2019-02-01,81.784375703125,103.166531309917,119.429722582329,142.246863710369,87.4236444155049,139.953755198727,11.9267289610509,9.35006119848982,11.830205205267
2019-03-01,104.444532726562,122.449174752066,142.61526046988,147.126804124775,69.4516176580943,82.3978003895922,12.1295838397191,8.33376371503862,9.07732341550042
2019-04-01,127.740627828125,155.483886045455,183.836547630522,317.281103222008,337.552848118728,157.801840949321,17.8123862304299,18.3726113581801,12.5619202731637
2019-05-01,78.4312515546875,91.1132252768595,105.424498959839,85.0423330343801,105.218668537285,67.4334631364971,9.22184000264481,10.2576151486242,8.21178805964311
2019-06-01,89.7429703046875,101.002895595041,111.42650846988,69.6243514470541,55.1694271185312,156.236208907924,8.34412077136076,7.4276124776762,12.499448344144
2019-07-01,230.488282109375,260.041324628099,291.211656305221,189.471441452521,683.773963562849,2100.27645917187,13.7648625656968,26.1490719445805,45.8287732671503
2019-08-01,104.39921975,118.190497239669,135.451407088353,43.2844858226571,151.554135276401,131.470816944812,6.57909460508489,12.3107325239565,11.4660724289014
2019-09-01,166.798438359375,198.934301983471,235.910846746988,124.168206203708,272.081676956631,289.827717873852,11.1430788475945,16.4948985130746,17.0243272370409
2019-10-01,183.5890653125,218.537193884298,252.986346546185,601.38598179055,1502.04582075886,818.937613210866,24.5231723435315,38.7562358951287,28.6170860363327
2019-11-01,94.1937492421875,112.137606024793,134.117670204819,126.021387826723,116.496550067428,107.090061799315,11.2259248094187,10.793356756238,10.3484328185148
2019-12-01,103.485157679688,117.945042983471,136.001206365462,95.808218818223,98.4119603069908,217.841501416336,9.78816728597458,9.92028025345004,14.75945464495
2020-01-01,111.564843890625,128.446282066116,146.740559136546,198.956160642139,65.3424090915526,166.006616671951,14.1051820492377,8.08346516610003,12.8843555008371
2020-02-01,90.690626265625,115.766943652893,135.328114437751,180.903540190897,108.610226459225,194.255901380829,13.450038668751,10.4216230242331,13.9375715740164
2020-03-01,60.9640627421875,73.7066115991736,85.5016076024096,61.2339577537777,24.602774452284,19.4551664431408,7.82521295261526,4.96011839095439,4.41080111126548
2020-04-01,27.0867192109375,33.6574382272727,40.1759038473896,17.2353311656877,19.9917496095933,10.6266747995282,4.15154563574673,4.4712134381612,3.25985809499865
2020-05-01,159.79843984375,185.050826528926,213.827714497992,340.821517720112,410.498946650247,279.973494761279,18.461352001414,20.2607735945656,16.7324085164473
2020-06-01,11.939843953125,14.0123969214876,15.8385544417671,1.59028967246571,2.51436847200734,8.01447529274235,1.26106687866493,1.58567602996556,2.83098486268336
2020-07-01,152.899221171875,171.897522933884,191.926107751004,56.3728303335789,216.941318353313,473.43333454025,7.50818422347101,14.7289279431095,21.7585232619369
2020-08-01,30.5820322890625,36.5814056363636,41.5293180923695,2.99943977681068,12.8760439071133,7.1336122069232,1.73188907751353,3.58832048556331,2.67088228997895
2020-09-01,264.0171909375,307.52852768595,345.870296425703,690.749121436404,1001.99593924342,447.533513713487,26.2821064878066,31.6543194405348,21.1549879157017
2020-10-01,52.6171876640625,66.4123971280992,76.5028117911647,59.1219129305497,112.968555017093,80.6911693361698,7.68907750842386,10.6286666622438,8.98282635567279
2020-11-01,58.3421887421875,70.3111574421488,81.8437763493976,77.1893913739064,91.8945270273294,48.8097429056155,8.78574933479816,9.58616331111302,6.98639699026727
2020-12-01,133.04531415625,148.246696049587,168.454217911647,129.508659630705,136.141321566595,281.045173097355,11.38018715271,11.6679613286381,16.7644019606234
2021-01-01,143.107034429688,162.116116322314,183.89799313253,290.464638687964,89.2473592115561,228.190023416235,17.0430231675006,9.44708204746609,15.1059598641144
2021-02-01,57.3999998203125,73.2855374586777,86.0618481164659,76.37511755277,35.229300289844,59.6687309202473,8.73928587201323,5.93542755745902,7.72455376835758
2021-03-01,71.6593749609375,83.899587677686,97.279919562249,80.5091643795311,23.6002028210451,37.0051657074488,8.97268991883321,4.8580039955773,6.08318713401526
2021-04-01,80.3468767421875,97.7235552396694,116.314057738956,126.656841539334,153.9379886783,79.0533952476619,11.2541921762219,12.4071748870684,8.89119762729757
2021-05-01,160.586721492188,185.457439917355,217.063859477912,370.230588891382,558.980168791481,481.65347388644,19.2413770009161,23.6427614459792,21.9466050651676
2021-06-01,34.5781256796875,39.8735540578512,44.2787151164659,17.443296710288,9.94186873086951,35.091358089033,4.17651729438392,3.15307290287895,5.92379591892167
2021-07-01,308.234381640625,345.133060247934,388.538964859438,442.759035036326,1559.11968063477,4356.89915392488,21.0418401057589,39.4856895676747,66.0068114206775
2021-08-01,655.14767296875,725.26736268595,790.049398875502,1571.69576149077,4817.91674806574,4556.91571647109,39.6446183168759,69.4112148580166,67.504931053006
2021-09-01,162.48984375,186.100003099174,206.175104618474,142.55336005437,265.717809958771,220.08088065666,11.9395711838562,16.3008530438984,14.8351232100263
2021-10-01,119.068752,143.908266128099,168.364258955823,215.057941715009,497.300302517978,283.315395870534,14.6648539615984,22.3002309969645,16.8319754001286
2021-11-01,161.810939453125,189.685535991736,224.94578811245,360.886002173602,400.616157169437,337.267447358111,18.9969998203296,20.0153980017744,18.3648426989754
2021-12-01,93.5617183515625,107.719422797521,124.126506955823,81.8293016218748,90.7532709075091,175.109086481306,9.0459549867261,9.52645111820289,13.232878994433
2022-01-01,126.744532203125,144.45619572314,164.331325662651,235.503812952945,70.3955889995697,180.23342748818,15.3461334854401,8.39020792350045,13.4251043753179
2022-02-01,52.7406266484375,67.8008274545455,78.8381532851406,68.1624456051843,32.2320170486065,50.7162636064154,8.25605508733949,5.67732481443563,7.12153520011068
2022-03-01,58.0187499921875,69.9338858264463,80.6658650963855,50.3555405829831,24.6558644958112,15.289756930185,7.09616379341564,4.96546719814069,3.91021187791467
2022-04-01,52.510157234375,64.1954561487603,74.6662655662651,55.7428065395055,49.7320580611231,28.2441931121554,7.46611053625015,7.05209600481468,5.31452661223513
2022-05-01,78.8187511328125,92.201653768595,108.526103859438,91.8442206579907,141.715767335064,108.631951528041,9.58353904661481,11.904443176187,10.4226652794782
2022-06-01,50.653907125,58.3322326322314,67.2642585783132,30.1284916944931,60.1314952302797,222.239580044944,5.48894267546065,7.75445002758285,14.9077020377033
2022-07-01,184.819531953125,207.989670413223,235.64177124498,149.406964223432,556.171187653705,1462.97539744225,12.2232141527272,23.583281952555,38.2488613875269
2022-08-01,215.673441015625,238.887193553719,257.504420963855,232.590054294597,612.303064252288,650.786551569943,15.250903392737,24.7447583187286,25.5105184496502
2022-09-01,204.37578828125,237.033884090909,262.87470313253,499.095650799132,776.503924640048,438.086034916036,22.3404487600212,27.8658200065968,20.9305048891812
2022-10-01,127.154690039063,152.789256586777,176.521287228916,320.776377202832,722.886371799001,387.031991171981,17.9102310761987,26.8865462973399,19.6731286574348
2022-11-01,89.1945316328125,105.456199727273,125.302812947791,115.238453804858,118.096424161642,102.640822263558,10.7349175034026,10.8672178666687,10.1311806944481
2022-12-01,182.963284921875,201.440085950413,228.756625863454,225.415582003178,197.830961727155,528.179698525945,15.0138463427324,14.0652394834626,22.9821604407842
2023-01-01,74.728905953125,90.2520683016529,103.615661614458,124.708525937627,49.0306547720819,75.9173254772761,11.1672971634871,7.0021892842226,8.71305488776905
2023-02-01,110.888285140625,138.630168082645,162.378715863454,239.83816093354,145.11138247979,277.935487231696,15.486709170561,12.0462185967128,16.6713972789234
2023-03-01,57.610938234375,68.6388435,80.2056247550201,60.4087043641439,28.4320118040413,31.9032749281509,7.77230367163712,5.33216764590549,5.64829840997719
2023-04-01,57.4351567421875,70.4830592024793,82.2469889799197,72.3227865515479,63.8180245048801,33.6122507794922,8.50428048405907,7.98861843530407,5.79760733229598
2023-05-01,134.3187498125,155.489255727273,180.97108373494,252.520149435531,339.02511382114,246.142413220136,15.8908825883124,18.4126346246576,15.6889264521233
2023-06-01,55.0632822265625,63.0033066363636,70.8510051566265,45.5787238618546,43.1997435817962,98.1960630525364,6.7512016605827,6.57265118363939,9.90939266819801
2023-07-01,221.71484828125,248.176447561983,275.964662008032,144.847101729761,503.424832192742,1431.19824673958,12.0352441491546,22.4371306586369,37.8311808795282
2023-08-01,260.48359796875,291.596285826446,323.997594618474,121.190053233264,586.496252247687,530.139547393051,11.0086353937835,24.2176847003938,23.024759442675
2023-09-01,147.68125515625,176.683476776859,203.579926746988,264.503853848565,332.093471244685,121.890201875562,16.2635744487049,18.2234319282808,11.0403895708241
2023-10-01,177.626564296875,213.597937561983,245.942569959839,764.978871270091,1639.37141951315,862.054739023834,27.6582514138203,40.4891518744608,29.3607687062828
2023-11-01,48.3945316953125,59.0958683760331,68.8184735180723,56.7546907204739,62.4925965609471,33.2474776699953,7.53357091427923,7.90522590195543,5.76606257943801
2023-12-01,80.3164064375,94.639257053719,108.693172293173,83.0768195912813,80.5354836733427,122.139283205013,9.1146486268688,8.97415643240871,11.0516642730863
2024-01-01,85.450001203125,101.169835528926,115.731327923695,138.657630346504,43.0838076089241,81.4230079433794,11.7752974631856,6.56382568392276,9.02346983944532
2024-02-01,56.051564296875,74.0995887272727,87.1289151485944,87.2954477920032,44.2986305969969,79.6449631687408,9.34320329394599,6.65572164359335,8.9244026785405
2024-03-01,55.55312571875,66.9194214958678,77.4345388313253,53.2148012002054,24.3405723723395,18.2892949831439,7.29484757895636,4.93361656113844,4.27659852957276
2024-04-01,91.233594609375,111.780579508264,131.418878795181,158.556718110953,152.575650811541,73.6009657604913,12.5919306744817,12.3521516672821,8.5791005216451
2024-05-01,116.002347054688,133.297937123967,152.883937349398,174.942298103135,199.766399420729,153.034550491275,13.2265754488127,14.1338741829949,12.3707134188484
2024-06-01,54.83828209375,63.0570260289256,71.2200821365462,41.7597005071429,43.5624604703459,107.919541111474,6.46217459584178,6.60018639663653,10.3884330440868
2024-07-01,151.94296984375,171.376858719008,187.991167108434,87.9221615421386,184.824213122219,628.931910504277,9.37668179806367,13.5950069188,25.0785149182378
2024-08-01,330.05313296875,365.246699338843,401.341373534137,246.955126879474,1035.36108710265,1002.65462252277,15.7148059765138,32.1770273192327,31.6647220503003
2024-09-01,368.6750034375,431.428523140496,499.295198835341,763.898168394097,1290.95387273163,869.626270365503,27.638707791684,35.9298465447826,29.4894264163531
2024-10-01,81.520313,101.391322334711,119.595983694779,78.2869855220807,152.694411411452,104.705606197879,8.84799330481668,12.3569580160917,10.2325757362396
2024-11-01,138.520313679687,163.397935950413,194.918470522088,262.962139820342,261.457071904848,233.944398996773,16.2161074188704,16.1696342538985,15.2952410571646
2024-12-01,84.63281325,98.5169433842975,112.855021791165,81.8910396031722,75.0122017438544,122.019005148525,9.04936680675351,8.66095847720415,11.0462213063348
2025-01-01,103.603125125,120.937605508264,138.951806228916,193.459066049705,71.6871373878213,158.297467811305,13.9089563249622,8.4668256972623,12.5816321600699
2025-02-01,59.645312984375,77.4772723966942,90.3598433453815,89.5387086510561,46.4992786945214,80.8814066828818,9.46248955883472,6.81903795960408,8.99340906902837
2025-03-01,71.67968965625,85.4491743884298,98.6393582048193,66.9496812686173,30.1785142026958,20.2477987685543,8.18227848882066,5.49349744722756,4.49975541208122
2025-04-01,78.4968761328125,94.9533073636364,111.279921092369,120.301270115808,122.455026635893,51.5271633795756,10.9681935666639,11.0659399345873,7.17824236004717
2025-05-01,140.810937296875,161.773141818182,184.181126787149,255.133726299808,248.930710433364,156.036313994718,15.9729060067293,15.7775381613661,12.4914496354394
2025-06-01,6.5359376015625,7.90206618677686,9.51686762931727,1.53617870539868,3.53306634303359,6.13987598769063,1.23942676483876,1.87964527053207,2.47787731489891
2025-07-01,185.301562421875,207.750002975207,233.630120963855,139.933227917708,508.990760464875,1436.03339285165,11.8293375942065,22.5608235768306,37.8950312422572
2025-08-01,218.112505546875,245.120252355372,273.566668433735,93.8969762383115,405.192955185997,421.528610002881,9.69004521342968,20.1294052367673,20.5311619252998
2025-09-01,459.8836028125,535.52850838843,614.978311204819,1066.36829158294,1976.19217600122,1373.86154579987,32.655295000703,44.4543830909981,37.065638343348
2025-10-01,178.76406609375,214.794219793388,252.103616184739,478.713853154222,1006.04609719772,554.01673134654,21.8795304600949,31.7182297298844,23.5375600125956
2025-11-01,122.66718803125,141.904136818182,169.37390064257,174.218889763563,165.792987346202,206.993609593216,13.1992003456105,12.8760625715396,14.3872724862365
2025-12-01,157.256251445313,174.300415661157,201.148192730924,153.710838718285,189.600930880727,523.101038103971,12.3980175317784,13.7695653845983,22.8714021892837
2026-01-01,100.342187898438,117.193802946281,133.095582827309,171.69897771812,52.2463829957383,92.2935969365852,13.1033956560168,7.22816594965406,9.6069556539304
2026-02-01,62.17890828125,81.945454714876,95.1771082369478,109.47158416415,62.8337703414152,101.127198487258,10.4628669189735,7.9267755324227,10.0562019911723
2026-03-01,40.028125984375,49.9628100826446,57.9566278795181,35.0643963819926,19.3556201860291,11.2935955828081,5.92151976961934,4.39950226571474,3.36059452817625
2026-04-01,90.2148455078125,110.205787070248,129.63735175502,153.951837590542,154.685787186658,76.0863295651883,12.4077329754691,12.437274105955,8.72274782194168
2026-05-01,73.2781254296875,84.8896700661157,100.164658240964,86.1866257921966,148.106565094535,120.810802498644,9.28367523086609,12.1699040708846,10.9913967492145
2026-06-01,96.48047046875,110.21818153719,124.130119751004,120.608182339141,112.689598183734,361.423080701439,10.9821756651012,10.6155356993293,19.0111304424918
2026-07-01,64.798438484375,74.4913231280992,86.3979929718875,33.2844044574447,109.942941909063,308.099792902399,5.76926377083287,10.4853679911133,17.5527716586982
2026-08-01,295.884378046875,323.875210123967,356.171893333333,153.81571751343,698.191082837585,688.196801241406,12.4022464704355,26.4233056758155,26.2335053174639
2026-09-01,304.599220703125,350.85042214876,392.296403574297,591.912713498684,1004.39787831152,655.087532192576,24.329256328517,31.6922368776886,25.5946778098998
2026-10-01,208.28125421875,249.656204297521,286.870685220884,873.086858537585,1928.41184826028,1104.5354460824,29.5480432268803,43.913686343329,33.2345519916005
2026-11-01,52.1445326640625,64.7570252024793,76.4963850040161,58.3615406059574,50.8643682538005,30.2309806388367,7.6394725345378,7.13192598487958,5.49827069530381
2026-12-01,91.590625421875,106.182646867769,120.428914839357,94.8902883434535,93.3727260351156,124.740115770575,9.74116462972747,9.66295638172478,11.168711464201
2027-01-01,144.605470484375,163.389257644628,185.479518192771,293.247064668214,85.2230686625592,225.417565820327,17.1244580839282,9.23163412742073,15.0139124088402
2027-02-01,75.214844328125,94.4078524380165,110.355423803213,118.890735830576,59.2706050153646,103.628637598067,10.9037028495175,7.6987404824013,10.1798152045146
2027-03-01,145.042971242187,166.437190909091,191.744579477912,274.526737320427,87.9680398357967,125.276127269957,16.5688484005506,9.37912788247376,11.1926818622686
2027-04-01,94.4593762734375,114.735538570248,134.877112088353,173.344486074383,175.497589478981,85.0852383860929,13.1660353210214,13.2475503199264,9.22416599948705
2027-05-01,106.6804706875,121.36611768595,137.965867799197,145.983789072177,151.320219491702,129.475576397758,12.0823751420065,12.3012283732846,11.3787335146649
2027-06-01,43.9359382109375,50.4925625826446,56.8590370240964,20.0013767382653,22.6807753084139,111.76726675491,4.47228987636818,4.76243375895286,10.5720039138713
2027-07-01,179.910939453125,201.404964173554,228.660646024096,173.332542787753,553.418913703038,1509.22162360856,13.1655817489298,23.5248573577618,38.8487016978503
2027-08-01,336.5343803125,374.540915165289,410.104426184739,363.519415506216,1274.81598704489,1321.43285294331,19.0661851324856,35.7045653529754,36.3515178904995
2027-09-01,138.232815015625,164.050829008264,189.367071164659,134.449055732152,184.669924148215,102.01608354554,11.5952169333804,13.5893312619943,10.1003011611308
2027-10-01,104.8804695,127.63223242562,149.933736955823,159.878881608125,337.293754256171,197.101397856667,12.6443221094737,18.3655589148866,14.0392805320168
2027-11-01,133.4679690625,154.526865371901,182.40963686747,245.138846868159,269.65653468461,239.375052014623,15.6569105147906,16.4212220825556,15.4717501277206
2027-12-01,121.63984534375,137.038844028926,159.152611028112,122.253739655325,124.095191498118,327.070173168917,11.0568413055142,11.1398021301152,18.0850815084952
2028-01-01,102.562502664063,119.947933760331,136.759440871486,178.241623106941,49.334020522978,99.8686816328331,13.3507162020223,7.02381808726408,9.99343192466097
2028-02-01,83.023438046875,104.587606235537,121.620887674699,143.123982923058,81.1260097789114,142.156691045121,11.963443606381,9.00699782274379,11.9229480853152
2028-03-01,127.817970359375,149.514048842975,174.465464457831,219.517685142399,82.5145103754933,127.601175688822,14.8161292226546,9.08374979705481,11.2960690370067
2028-04-01,126.516407632813,153.397935566116,178.902813253012,303.791493776958,292.021823465709,125.104410166701,17.4296154225203,17.0886460395699,11.1850082774534
2028-05-01,59.461719078125,68.3719016900827,77.8819282369478,48.6427069708021,48.2284214637722,26.8345458203181,6.97443237624411,6.94466856399729,5.18020712137247
2028-06-01,67.5539090234375,77.5037212066116,85.4510063815261,53.6275524031788,35.6626044910443,122.121455541611,7.32308353108025,5.971817519905,11.050857683529
2028-07-01,137.788284476562,157.13801888843,180.996788811245,150.358132024944,502.756611703522,1264.43296889764,12.2620606761239,22.4222347615826,35.5588662487662
2028-08-01,62.307812859375,72.2826449545455,81.6807247269076,9.13316873845264,41.764424671309,30.8038298254322,3.02211329014196,6.46254010984141,5.55011980279996
2028-09-01,94.5718748046875,115.288020657025,139.297192068273,45.3639235905398,87.5003319314856,159.588182949942,6.73527457425009,9.35416120940224,12.6328216543234
2028-10-01,79.4867173359375,97.5623968305785,115.821286032129,53.5593953848418,118.949209319555,89.9476702819271,7.31842847781146,10.9063838791579,9.48407456117502
2028-11-01,112.156250710937,132.834298855372,157.551408453815,181.628826316297,180.711161326313,151.86134812336,13.4769739302373,13.4428851563313,12.3232036469159
2028-12-01,75.8460949921875,89.0851241818182,104.66907937751,72.9886761072656,87.3937960665617,173.480701920486,8.5433410389183,9.34846490428037,13.1712073068678
2029-01-01,115.57656346875,131.358677024793,148.367067008032,197.967185887584,70.1775007604017,127.419631121513,14.0700812324444,8.37720124865111,11.2880304358871
2029-02-01,55.22187553125,72.6000008636364,85.0803227148594,84.2220421734452,41.2156647734715,69.6258826867617,9.17725678911978,6.41994273911158,8.34421252646178
2029-03-01,96.433594609375,115.935125057851,134.980319481928,128.01784697551,57.5318312055877,48.455515157437,11.3144972038315,7.58497404119406,6.96099958033593
2029-04-01,204.405472109375,247.452899256198,290.952214176707,780.806740103779,824.404827235991,371.132306888298,27.9429193196376,28.7124507354561,19.2647944937987
2029-05-01,96.9781262109375,113.056198553719,127.966668493976,153.079196990457,133.831196650919,68.258556468899,12.3725178112806,11.568543410945,8.26187366575518
2029-06-01,85.8390635078125,96.7219021983471,106.627310815261,58.774380236419,49.4199691148678,192.822226481168,7.66644508468032,7.02993379164184,13.8860443064671
2029-07-01,56.9281260078125,65.0648754545455,71.9911658232932,16.7888023759426,37.7030223089203,147.614340324915,4.09741410842773,6.14027868332703,12.1496642062616
2029-08-01,71.5757822421875,81.3136372190083,92.6903630481928,19.912241962422,68.0968732720216,54.8333793256677,4.46231352130507,8.25208296565307,7.40495640268514
2029-09-01,103.487501796875,124.138843347107,145.558636646586,64.0505477240547,96.8606627421329,73.7185067185969,8.00315860920266,9.84178148213691,8.58594821313272
2029-10-01,116.924219453125,141.578929086777,167.611647028112,172.943122763145,380.064962826723,227.151367130487,13.1507841121032,19.4952548797579,15.0715416308514
2029-11-01,100.950004453125,118.12107777686,138.742571373494,181.951731674139,209.894454289777,140.942797569718,13.4889485014266,14.4877346155214,11.8719331858682
2029-12-01,75.5351577890625,89.6541333223141,102.981927811245,83.5599437939187,71.6732934672054,101.753879154095,9.14111283126506,8.46600811877743,10.0873127816131
2030-01-01,127.296095429687,145.083471528926,165.469482449799,246.178763631308,85.3519639500941,220.517246625713,15.6900848828586,9.2386126637117,14.8498231176574
2030-02-01,58.0078131796875,75.0991730826446,87.4156619839357,85.462298849947,42.0307818461898,69.604710139024,9.24458213495597,6.48311513442341,8.34294373342072
2030-03-01,74.8789071875,87.1210736198347,100.366666309237,79.6104727806357,25.0056632233571,27.9276351677971,8.92247010533718,5.00056629026725,5.2846603644697
2030-04-01,183.3234378125,224.840085330579,265.396386305221,610.683513382981,603.916612590372,267.499132324162,24.7120115203716,24.5747149035421,16.3554007081503
2030-05-01,155.533594171875,180.477272355372,211.600001767068,358.051805940637,557.983070207242,450.755601153433,18.9222568934215,23.6216652716789,21.2310056557251
2030-06-01,106.521876601562,120.855786438017,135.635744196787,97.0017263404251,120.176569820547,465.443134130454,9.84894544306268,10.9625074604557,21.5741311326888
2030-07-01,48.171094140625,52.042149,58.4951813614458,15.626637487919,38.9768874985709,42.403610445971,3.95305419744266,6.24314724306346,6.51180546745455
2030-08-01,69.8101574296875,78.7876033512397,89.7188747269076,13.9645368803948,63.3457329311079,57.922089992872,3.73691542323274,7.95900326241345,7.61065634442076
2030-09-01,165.32578484375,197.013638305785,229.861048353414,184.857674206098,255.380354677272,179.798147772547,13.5962375018274,15.9806243519229,13.4088831664888
2030-10-01,78.516405078125,96.1330573636364,108.808032686747,143.783624040962,316.03472383488,215.586291852933,11.9909809457343,17.7773654919642,14.6828570739122
2030-11-01,130.77500190625,150.116529181818,176.752212369478,216.743211781164,252.661606092422,234.242367279349,14.722201322532,15.8953328399383,15.3049785128679
2030-12-01,179.2109365625,196.91859553719,224.61485875502,190.433447450031,217.355745236114,549.313992488735,13.799762586727,14.7429896980264,23.4374485063698
2031-01-01,115.471877164063,132.079339793388,150.260646706827,203.01975525505,67.0812260047106,148.349535376286,14.2485001054515,8.19031293692192,12.1798824040418
2031-02-01,93.7531267109375,117.598760636364,137.790364373494,179.976547120771,95.0016128643116,179.65006856675,13.4155337993228,9.74687708265122,13.4033603460755
2031-03-01,106.505469507813,123.593802115702,142.45060375502,148.120865330884,48.758258209477,57.6199018377682,12.170491581316,6.9827113795056,7.59077741985419
2031-04-01,161.7695346875,196.380580826446,232.858634497992,492.048135627573,560.953643812396,277.688494632882,22.1821580471237,23.6844599645505,16.6639879570552
2031-05-01,83.7828128671875,97.604134731405,114.009638562249,104.876587196243,150.003650000747,100.925349189681,10.240927067226,12.2475977236659,10.0461609179667
2031-06-01,129.41640584375,147.161985847107,164.972290365462,188.183903091246,196.681237886614,770.214249476156,13.7180138172859,14.0243088202811,27.7527340901064
2031-07-01,17.2781249921875,20.7797524710744,24.5016067108434,3.00723395398672,11.1604605937459,28.7334658919432,1.7341378128588,3.34072755455244,5.36036061211773
2031-08-01,204.209377734375,231.995043140496,254.622896666667,212.723221523322,583.839542730277,561.195957475776,14.5850341625696,24.1627718345863,23.6895748690384
2031-09-01,80.2265637734375,97.3512402231405,112.69397851004,67.277700546804,80.5457443550841,35.1287736963046,8.20229849169146,8.97472809365744,5.92695315455627
2031-10-01,75.8960946953125,93.7921508429752,111.334941337349,86.2222715119832,160.81066779736,102.926248431609,9.28559483888798,12.6811146117903,10.1452574354527
2031-11-01,124.357032554688,143.992151289256,167.508434216867,261.556464496331,335.205443151389,208.965037069245,16.1727073953723,18.3086166367476,14.4556230259801
2031-12-01,32.2968755078125,43.4842973842975,51.1710845582329,36.0546352283994,48.1600875989391,36.4565007081174,6.00455120957424,6.93974694055476,6.03792188655314
2032-01-01,75.3359380859375,91.0119856694215,103.810841915663,125.796794604066,44.6157304447965,62.8289311370231,11.2159170202024,6.67950076314065,7.92647028235287
2032-02-01,36.026563359375,49.0553719421488,57.5144597670683,45.7797664098992,19.1997450913907,29.9989139107882,6.76607466777445,4.3817513726124,5.4771264282275
2032-03-01,111.894533570313,130.239670528926,152.301603839357,186.750311232507,123.919485634477,136.099647689995,13.6656617561136,11.131912936889,11.6661753668456
2032-04-01,51.2484377265625,63.2719014380165,73.5698801325301,56.7087879188367,48.3087511881359,29.0690464290641,7.53052374797641,6.95044971121552,5.39157179578128
2032-05-01,98.4132820078125,113.93264488843,129.906829502008,131.442589419718,127.234499241226,72.2566538061858,11.4648414476485,11.2798270927008,8.50039139135286
2032-06-01,89.2718741328125,102.476447396694,114.05622635743,99.8825256642561,78.7683548478432,253.263462575814,9.99412455717138,8.87515379291216,15.9142534407309
2032-07-01,150.08281359375,166.771077152893,189.190765582329,119.265208241868,403.336522444375,964.970250059191,10.9208611492807,20.0832398393381,31.0639702880876
2032-08-01,265.2890640625,293.025210909091,321.243384618474,127.175483857505,571.066766279514,481.593272855282,11.2772108190591,23.8970032907792,21.9452334882836
2032-09-01,269.7117253125,312.606625413223,354.080336586345,465.229681765493,800.623503615268,492.895954920814,21.5691836137925,28.2952911915617,22.2012602101956
2032-10-01,88.220313609375,108.686364859504,127.08875862249,127.093149344372,246.480923445165,158.189006618758,11.2735597458998,15.699710935083,12.5773211225109
2032-11-01,121.225000929687,143.468600086777,168.28915626506,267.223461642975,313.686524385238,182.800077286199,16.3469710234947,17.7111977117652,13.5203578830665
2032-12-01,104.40312696875,119.49834835124,135.650604236948,113.345997541956,88.1633208333828,160.414077591965,10.6464077294624,9.38953251410222,12.6654679183978
2033-01-01,80.9132823359375,96.2256209834711,110.820078911647,129.969871790493,51.2194604581401,94.6509003447935,11.4004329650454,7.15677723966173,9.72886942788285
2033-02-01,97.84843865625,120.928515880165,141.059441971888,180.797358316285,98.3352332000482,174.386033053941,13.4460908191297,9.91641231494779,13.20553039654
2033-03-01,169.506249453125,194.976864090909,223.965860281124,364.291151865363,120.366532766348,162.232376336703,19.0864127552917,10.9711682498423,12.7370473947734
2033-04-01,82.4710952421875,101.439672243802,121.699201650602,142.146748846613,183.048205136829,101.564378829509,11.9225311426145,13.5295308542768,10.0779154009899
2033-05-01,115.796877242188,134.0611585,156.095186843373,181.07404300156,259.643217553465,165.105183904784,13.4563755521894,16.1134483445805,12.8493262043106
2033-06-01,86.8148461171875,98.8235548099174,111.487953160643,92.8340337990693,116.228867510244,378.427643948181,9.63504197183745,10.7809492861363,19.453216802066
2033-07-01,141.700786796875,159.75000161157,177.255021124498,68.1958144108327,234.895834078943,637.975630041591,8.25807570871282,15.3263118224491,25.2581794680771
2033-08-01,233.313286328125,258.885126652893,294.339363413655,226.076559658527,739.713104654273,667.76646024187,15.0358424991261,27.1976672649379,25.8411776094254
2033-09-01,54.928126046875,64.1545465454546,71.7393580481928,13.4729037170411,25.7368428464934,25.5340071696455,3.67054542500717,5.07314920404411,5.05311855883528
2033-10-01,139.011721960938,168.95454768595,200.243377871486,337.727536098055,692.544951249467,397.439276111867,18.3773647756705,26.3162488065732,19.9358791156013
2033-11-01,171.442966484375,203.982643636364,242.684336546185,494.356710163971,636.288831332778,430.538871159297,22.2341338973204,25.2247662294971,20.7494306225327
2033-12-01,181.716408515625,196.797934917355,223.454219518072,169.915451633107,241.202013776169,560.256427672534,13.0351621253097,15.5306797589857,23.6697365357651
2034-01-01,123.8312550625,141.435123214876,162.016066706827,238.637937015094,80.7301452659857,217.717930304121,15.44791044171,8.98499556293634,14.7552678831704
2034-02-01,126.587497859375,159.898765619835,186.616067148594,332.681726669029,217.374495441142,387.455491539929,18.2395648706056,14.7436255867118,19.6838891365484
2034-03-01,133.700784804687,152.875620371901,175.736149116466,239.210985157337,72.1824071427347,110.699339157881,15.466447076085,8.49602301919755,10.5213753453567
2034-04-01,109.299220453125,133.64008503719,159.871487208835,230.937512682047,300.178486109309,162.200305496706,15.1966283326943,17.3256597597121,12.7357883735835
2034-05-01,77.1054674375,88.2380169876033,100.099999477912,77.2274123331956,75.6438911099688,42.063393453271,8.78791285421035,8.69734966009581,6.48562976535595
2034-06-01,58.8632814765625,68.1392569380165,77.3658652088353,47.0521009339013,61.5603180376113,206.451956243532,6.85945339906186,7.84603836580037,14.368436109874
2034-07-01,207.808595703125,232.12479661157,252.881531405622,131.712269107078,348.521936095616,878.642617511764,11.4765965820481,18.6687422205037,29.6419064419238
2034-08-01,217.255469609375,240.482232603306,263.546186787149,100.539447383388,433.451300263058,377.548782872819,10.0269360915181,20.8194932758475,19.4306145778464
2034-09-01,186.343751796875,222.340082024793,256.032132329317,418.636981668426,535.82815222581,205.610009519857,20.460620265975,23.1479621614044,14.3391076960827
2034-10-01,149.314846875,181.981407438017,217.452613212851,264.564408212671,532.368212749612,366.71831038164,16.2654359982347,23.0731058323237,19.1498906101743
2034-11-01,123.214842335938,145.379343252066,171.081525702811,266.127266252452,305.693549227218,190.504499009912,16.3134075610356,17.4840941780585,13.802336722813
2034-12-01,131.339061335937,146.964050863636,170.10281248996,118.646001618586,153.504831194511,402.214983832459,10.8924745406444,12.3897066629727,20.0552981486803
2035-01-01,122.405470835937,140.30330711157,158.946990240964,231.165755410743,81.0399059165146,157.293615699422,15.2041361283942,9.00221672236981,12.5416751552343
2035-02-01,73.1570297578125,93.3615725454545,108.598397273092,121.077408257208,68.4749083736613,119.399920050824,11.0035179945874,8.27495669920159,10.9270270453964
2035-03-01,71.6328126171875,86.0095023842975,98.270280690763,78.315928585186,28.3149596910536,16.1270105859407,8.8496287258385,5.32118029116225,4.01584494047525
2035-04-01,109.502343828125,133.287191285124,155.542170120482,211.560460362475,197.387190167323,89.9610826394189,14.5451180937961,14.0494551555326,9.48478163372352
2035-05-01,114.997657382813,131.811985409091,152.604017726908,182.801478639051,244.802754486764,203.919498813838,13.5204097067748,15.6461737970267,14.2800384738221
2035-06-01,13.573437859375,15.7000006983471,16.9236954658635,2.45236066727428,1.06373477427482,1.40721789717709,1.56600149018904,1.03137518598947,1.18626215364779
2035-07-01,138.826564335937,154.873141983471,173.401608554217,53.4720366851907,197.332593836388,485.191231248962,7.31245763647152,14.0475120158834,22.0270567995128
2035-08-01,390.77734328125,434.989679338843,488.023295100402,336.641299497759,1463.60791554062,1475.15218538472,18.3477873188502,38.2571289505711,38.4077099731906
2035-09-01,157.818751484375,182.502067644628,198.806829839357,438.644596133018,690.809585881581,408.356871044446,20.9438438719595,26.2832567594197,20.2078418205519
2035-10-01,98.802345375,120.109504078512,138.126105188755,190.195491293799,417.223168813147,268.501262805204,13.7911381435253,20.4260414376635,16.3860081412528
2035-11-01,108.857031859375,128.720663429752,152.041368293173,178.843408302247,201.324616249417,141.414719292112,13.3732347733167,14.1888905926227,11.8917920975819
2035-12-01,117.492187421875,131.984298619835,150.751407108434,114.436474097271,109.937512304366,248.50947934362,10.6974984971848,10.4851090745097,15.7641834340894
2036-01-01,177.498435078125,198.065289173554,224.015663012048,402.7474532644,132.81839566161,360.333928657092,20.0685687896372,11.5246863584919,18.9824637140992
2036-02-01,116.364843390625,148.351241239669,171.504821084337,310.349602255503,242.136440336851,375.128281340961,17.6167421010669,15.5607339266775,19.3682286578035
2036-03-01,59.79687525,72.5694224876033,84.0851409156626,57.6165076283593,24.5792281328331,16.6419158342874,7.59055384200384,4.95774425851446,4.07945043287541
2036-04-01,117.311721476562,141.841738078512,167.849801285141,251.110254055899,290.967781852064,144.826708710392,15.8464587228787,17.0577777524525,12.0343968984903
2036-05-01,142.978907367188,164.626861280992,189.966672088353,277.497557065517,335.823138515113,270.881692142613,16.6582579240903,18.3254778522993,16.458483895627
2036-06-01,86.1890629296875,98.4123980371901,110.813254951807,92.7359597614746,106.198594251733,289.846538168017,9.6299511816766,10.3052702173079,17.0248799751428
2036-07-01,101.717968328125,116.038843466942,135.763454943775,127.523502922997,414.825401956024,1030.52606684789,11.2926304696026,20.3672629961913,32.1018078439188
2036-08-01,256.480470859375,283.297936859504,318.850203935743,208.024722318513,733.758730431547,663.060833628192,14.4230621685727,27.0879812911842,25.7499676432455
2036-09-01,158.72343875,185.697107066116,211.510848674699,174.536493559139,269.996191679315,151.663713380274,13.2112260429961,16.4315608412383,12.3151822309
2036-10-01,165.874219375,201.920660619835,240.471891767068,323.717545732423,637.405589998497,419.766964628861,17.992152337406,25.2468926800606,20.4882152621662
2036-11-01,137.249221226562,160.87314231405,190.692770160643,263.191529427449,280.432680568025,250.678681817259,16.2231787707419,16.7461243446962,15.8328355583344
2036-12-01,108.64140753125,122.600828235537,141.460244618474,96.722134443353,107.053981900517,251.95060773763,9.83474119859557,10.3466894174184,15.8729520801151
2037-01-01,138.39140253125,156.617774049587,177.362654136546,272.808566667038,89.6835516605561,208.144139227478,16.5169175897635,9.47014000216238,14.4272013650423
2037-02-01,68.073438578125,86.3243808677686,99.9253020441767,100.272195945149,67.5815254810943,104.528922521147,10.0136005485115,8.22079834815904,10.2239386990116
2037-03-01,52.9843768671875,62.6537193347107,73.3791186987952,50.457409747012,31.9358496423608,32.9152134768216,7.10333792994618,5.65118126079502,5.73717818067572
2037-04-01,77.12734428125,94.567359214876,109.000001273092,132.061362035895,117.442094224762,82.1075656355267,11.4917954226437,10.8370703709426,9.06132251029212
2037-05-01,51.1937507734375,57.9293398636364,65.8285150923695,32.7916156144715,35.2146936668984,23.5755125221341,5.72639638991848,5.93419696900081,4.8554621327052
2037-06-01,35.0867191796875,40.501653392562,45.201607124498,10.6151760325679,10.9872989171942,48.297825534159,3.25809392629616,3.31470947704233,6.9496636993569
2037-07-01,69.997656625,78.3723145950413,86.5297198433735,11.9791250874092,38.1446664375299,92.0479117508091,3.46108726954539,6.1761368538537,9.59416029420028
2037-08-01,233.932816328125,260.963225,291.559041405623,97.937467569825,461.924808876037,423.134767500261,9.89633606795085,21.4924360851914,20.5702398503338
2037-09-01,109.393749476563,129.327685338843,145.910443855422,82.5924234155103,117.860241955053,69.9245498088448,9.08803737973773,10.8563456998685,8.36209003831248
2037-10-01,115.713280984375,138.593388363636,159.867874654618,274.281231037692,628.474178770554,345.242821857339,16.5614380727548,25.0693872835088,18.5807110159256
2037-11-01,78.116407546875,92.069011714876,108.351003389558,96.8070260081291,102.037080730921,74.9415355424338,9.83905615433356,10.1013405412807,8.65687793274422
2037-12-01,132.232815484375,148.752482128099,172.248193815261,115.432133687012,156.856003301354,358.556688990991,10.7439347395176,12.5242166741618,18.9355931776903
2038-01-01,76.3335949609375,91.1623978636364,105.487146542169,120.142709354838,46.172321936985,80.8108802894359,10.9609629757078,6.79502184963264,8.98948720948175
2038-02-01,123.614844921875,158.343803471074,185.75903811245,332.553744968786,225.034956555926,431.102592011604,18.236056179141,15.0011651732766,20.7630101866662
2038-03-01,122.3007813125,141.132231326446,164.336952208835,221.042067232057,94.7997810775977,142.762347076945,14.8674835541209,9.73651791338144,11.9483198432644
2038-04-01,92.5429705625,112.359505309917,132.961447409639,145.370951824721,170.274099198272,82.9462656143479,12.0569876762283,13.0489118013064,9.10748404414457
2038-05-01,94.5187520234375,107.883472301653,122.946588004016,116.566572323551,123.58197543619,103.046523963389,10.7966000353607,11.1167430228548,10.151183377488
2038-06-01,48.752343765625,55.221901946281,61.3389575060241,27.3226734997342,25.131016323453,54.3665901631959,5.2271094784531,5.01308451190013,7.37337033948492
2038-07-01,193.294534765625,219.280166404959,254.814463534137,402.660808604839,1267.09053413346,3574.7362965517,20.0664099580578,35.5962151658496,59.7890984758233
2038-08-01,442.971097734375,489.12893661157,547.720487429719,422.608600995407,1741.25659836921,1703.37306404986,20.5574463636758,41.7283668308408,41.2719403959865
2038-09-01,140.762502898438,163.626859958678,182.475104457831,240.511814247535,371.061115184011,189.818871632332,15.5084433212213,19.2629466900579,13.7774769690365
2038-10-01,91.182812234375,110.83140572314,129.623294349398,110.018776853038,238.514075435313,137.209053665188,10.4889835948503,15.4439009138013,11.7136268365177
2038-11-01,106.210938492187,124.044217909091,145.540965481928,170.366485410437,196.240366832911,143.038362316601,13.0524513180642,14.0085818994255,11.9598646445769
2038-12-01,133.977342515625,150.081406533058,170.343377991968,140.902846355406,184.398341666102,290.132209924063,11.8702504756811,13.5793350966129,17.0332677406322
2039-01-01,133.19609440625,152.088432479339,173.524899156627,265.956943215345,76.5942255461465,204.195853161416,16.3081863864547,8.75181270058646,14.289711444302
2039-02-01,113.7937500625,142.657850438017,168.922890923695,264.354617304768,157.480603552349,312.382219731616,16.2589857403458,12.5491276012458,17.6743378866541
2039-03-01,75.195313125,90.0735500619835,104.517671124498,92.8986701579214,38.4798085825984,36.0651788875834,9.63839562157112,6.20320953882733,6.00542911768871
2039-04-01,122.406251640625,148.879341607438,178.570283759036,290.995085313213,390.614189403602,225.287172916641,17.0585780566029,19.7639618853003,15.0095693781214
2039-05-01,199.390627578125,227.558681363636,257.133739277108,499.342992537033,447.623387362865,288.964355079411,22.3459838122431,21.157111980676,16.9989515876542
2039-06-01,38.2437500859375,44.209504446281,50.374297815261,24.4931874853381,30.1350611836198,68.755236267053,4.94905925255883,5.48954107222268,8.29187772866032
2039-07-01,266.967973046875,300.874383760331,342.48073502008,400.007973442171,1358.54118269592,4227.93447695351,20.0001993350609,36.8583936532226,65.0225689814968
2039-08-01,146.022657929688,160.983473863636,181.506832891566,64.9894920089849,236.004390786859,218.611957171846,8.06160604402031,15.3624344030124,14.7855320219411
2039-09-01,194.612502734375,229.009510413223,261.848602931727,335.718624435148,490.859644554519,235.629926657566,18.3226260245399,22.155352503504,15.3502419087637
2039-10-01,131.106251320313,158.791735173554,187.654216626506,233.69320149208,473.480601840875,277.484312051752,15.2870272287348,21.7596094137941,16.6578603683592
2039-11-01,146.657032023437,172.450410785124,204.451811686747,323.214363126,348.507926805938,264.451817257385,17.9781635081562,18.6683670096219,16.2619745805171
2039-12-01,130.200781335938,144.753718884298,166.382327991968,106.217121477816,148.176316548413,347.833594150864,10.3061690980604,12.172769469123,18.6502974279464
2040-01-01,127.235158515625,145.711159049587,166.369884738956,243.563549682647,67.4540999133806,163.032264857807,15.6065226646632,8.21304449722395,12.7684088616322
2040-02-01,133.475001429687,166.746695661157,196.225300843374,350.31985361071,204.376803106716,384.47048115729,18.7168334290475,14.2960415187812,19.6079188379922
2040-03-01,91.1039090703125,107.707025144628,123.814459879518,114.35565702882,37.2298580160555,33.2523739317485,10.6937204484136,6.10162748912579,5.76648713964997
2040-04-01,127.141408742187,155.276861661157,182.064660803213,346.665283846162,319.100633936095,147.086504807168,18.6189495903008,17.8633880867011,12.1279225264333
2040-05-01,135.9195321875,156.298761847107,178.27711188755,239.725179370068,236.72941902175,153.029045893117,15.4830610465136,15.3860137469635,12.3704909317746
2040-06-01,66.163282234375,75.8491737438017,82.7156635220883,44.7962068766106,25.6968645592969,91.5506024704397,6.69299685317501,5.06920748828621,9.56820790276004
2040-07-01,83.073438671875,94.6206618719008,106.641366939759,32.0481139359839,109.175001411082,374.14405170126,5.6611053634413,10.4486841952029,19.342803615331
2040-08-01,460.795319921875,510.516950495868,560.405218995984,479.003105043202,1887.63151470163,1834.67574484736,21.8861395646469,43.4468815302276,42.8331150495427
2040-09-01,260.415628984375,300.859937603306,336.835759638554,361.916167071689,618.899464370678,421.989262528583,19.0240943824322,24.8776900931473,20.5423772365465
2040-10-01,115.368751445312,140.196691756198,161.935341987952,234.363865314767,501.504829782037,315.815251677728,15.3089472307787,22.3943035118763,17.7711916223344
2040-11-01,75.24843740625,87.9028939876033,103.129321108434,87.3297267989486,101.523422885586,69.2516762761825,9.34503754936001,10.0758832310416,8.32175920561167
2040-12-01,56.41640734375,69.6285130785124,80.5409645180723,58.6539767408119,61.7223704865562,68.4431458248729,7.65858843004453,7.85635860221236,8.2730372793112
2041-01-01,160.055467929687,180.718596652893,204.856628955823,346.657951259458,93.0378317338746,255.334853940523,18.6187526773266,9.6456120455819,15.9792006665078
2041-02-01,47.4671879453125,63.4078518016529,74.4879524016064,69.4973247530864,31.3444609357444,51.9200864072454,8.33650554807507,5.59861241163776,7.20555940973672
2041-03-01,86.650000890625,101.454960694215,119.964258261044,114.548791299285,49.1352715351333,120.777587740009,10.7027469043833,7.00965559318953,10.9898857018628
2041-04-01,48.4250005078125,59.3057855,71.879920437751,50.8979437633913,80.0042054828845,50.1799970660753,7.13427948453039,8.94450700054981,7.08378409228255
2041-05-01,129.966409210938,151.637194272727,179.267479939759,254.817512130328,434.377661494088,324.187674189747,15.9630044831895,20.8417288508916,18.0052124172348
2041-06-01,58.0101591953125,66.1991739710744,73.2128513413655,41.6061167859733,27.2682827621615,74.7832962916015,6.45028036491231,5.22190413184324,8.64773359277456
2041-07-01,214.422660078125,241.941738760331,280.754221606426,397.863323564524,1342.83720969307,3280.41038802593,19.9465115637929,36.6447432750329,57.2748669839218
2041-08-01,83.0046895859375,96.2826461198347,111.055423706827,29.3675396771655,107.764018248866,91.7216082402332,5.41918256540278,10.380944959341,9.57713987786715
2041-09-01,187.693752109375,225.169834090909,261.951408072289,367.664059302332,463.937223180032,220.390951545956,19.1745680343087,21.5392020088961,14.8455700983814
2041-10-01,164.32968796875,196.598350041322,227.820487670683,437.967354204457,1080.7985964118,609.71316209537,20.9276695836985,32.8755014625146,24.6923705240175
2041-11-01,160.189849375,184.901246239669,215.13895562249,541.706811350622,748.149066357755,397.409907300415,23.2745958364613,27.3523137295139,19.9351425201932
2041-12-01,134.12187565625,149.433471466942,170.84257188755,124.925335325492,141.750461190799,325.59557413314,11.1770002829691,11.9059002679679,18.0442670710988
2042-01-01,134.372656515625,152.938015826446,174.72971811245,269.093816982339,83.473770012129,234.539025692273,16.4040792787141,9.13639808743736,15.3146670121251
2042-02-01,70.8320331328125,89.5371896487603,104.246987618474,112.165985686912,55.4329629330766,85.8298648611896,10.5908444274719,7.44533162008763,9.26444088227615
2042-03-01,56.227343984375,68.2260335826446,78.7365466144578,53.0462579420102,19.1309749192039,13.2078872464004,7.28328620486729,4.37389699458091,3.63426570938345
2042-04-01,60.537500953125,74.3301659090909,87.5594390240964,69.8787252649697,69.4781373225782,33.2495126419556,8.35934957188475,8.33535466087546,5.76623903787864
2042-05-01,165.17578390625,191.018597479339,219.321694096386,373.19009236506,398.881398748669,253.77861058166,19.3181285937603,19.9720153902572,15.9304303325949
2042-06-01,79.8726566953125,92.1099168636364,103.732127654618,98.361069144846,88.1181499747457,286.092072405035,9.91771491548563,9.38712682212964,16.9142564839556
2042-07-01,63.6820323203125,73.5169421694215,87.623293,77.5805465559004,232.719313257361,558.703521530677,8.80798197976701,15.2551405518717,23.6369101519356
2042-08-01,90.7398451171875,105.374795264463,118.933336072289,18.0077767963282,81.5187413849202,68.7171544664376,4.24355709238466,9.02877297227703,8.28958107906772
2042-09-01,24.08437521875,30.6979342231405,36.3040168313253,9.06967577067094,10.0780435746124,4.86546616291478,3.0115902395032,3.17459345028815,2.20578017103128
2042-10-01,87.1335952734375,103.477689442149,119.785143104418,109.608401743134,297.352627639223,175.259857185102,10.4694031225822,17.2439156701494,13.2385745903818
2042-11-01,105.092970101562,124.251653285124,148.783936445783,139.461132583582,122.337909790263,142.486782905767,11.809366307452,11.0606468974587,11.9367827703183
2042-12-01,162.898439140625,180.323556157025,207.783538273092,186.427415654879,178.319965245013,543.692750564265,13.6538425234393,13.3536498847698,23.3172200436558
2043-01-01,91.7671889609375,108.016112557851,124.393576257028,158.915655913234,56.5715726228724,117.469648170848,12.6061753086824,7.52140762243826,10.8383415784357
2043-02-01,67.579687953125,85.9429756239669,99.8498000441767,101.280662940621,56.0568238829074,94.538590701443,10.0638294371785,7.48711051627445,9.72309573651535
2043-03-01,56.135156421875,67.9876037561984,79.473895313253,49.3051318136229,22.5156965835075,20.6977397120761,7.02176130423293,4.74507076696518,4.54947686136286
2043-04-01,128.28125275,155.645870694215,182.331327309237,321.828567652024,311.806374932914,138.260309263497,17.939581033347,17.6580399516173,11.7584144026096
2043-05-01,88.9242201796875,103.775207619835,121.730522477912,116.125759089875,169.580302872095,121.543267502495,10.7761662519597,13.0223002143283,11.0246663215943
2043-06-01,83.660938265625,95.566116607438,106.16305437751,83.6211289965309,66.4558002797037,224.578896068704,9.14445892311464,8.15204270595436,14.9859566284139
2043-07-01,193.346097265625,217.735538884298,242.951406787149,133.129419711976,415.836028228532,1439.48301608983,11.5381722864575,20.3920579694285,37.9405194493938
2043-08-01,398.1945409375,441.663648471074,488.757032208835,294.287560500344,1397.66408768176,1295.08049153566,17.1548115845189,37.3853458949059,35.9872267830637
2043-09-01,170.9554740625,199.235540371901,221.873898554217,214.158847720149,352.318484329891,271.549037088636,14.6341671344887,18.7701487562004,16.4787450095156
2043-10-01,138.132811398437,167.113637181818,192.213657389558,400.342420363529,905.145382230028,515.872656014119,20.0085586778141,30.085634150372,22.7128302070464
2043-11-01,115.490623757813,135.706613169422,158.802412971888,246.713136878943,312.430668112006,180.619038734894,15.7071046625068,17.6757084189575,13.4394582753507
2043-12-01,106.364844789063,121.227274971074,138.848197389558,98.9923831971509,118.433196254796,214.252381347346,9.94949160495906,10.8827016983282,14.6373625133542
2044-01-01,100.889843898438,117.637602681818,134.271885859438,172.136013098197,58.0703260369059,124.117538548527,13.1200614746348,7.62038883764509,11.1408051122227
2044-02-01,99.5390648984375,122.915704884298,142.493174935743,189.62319038834,109.202217469364,166.232815274326,13.7703736473757,10.449986481779,12.8931305459274
2044-03-01,61.414844015625,74.0219018471074,84.7987944497992,62.6760488950236,20.5739252398637,12.5959907295472,7.91682063046926,4.5358488995847,3.54908308293102
2044-04-01,101.850001820312,123.52314303719,146.555023140562,183.156400088996,224.490027014816,115.03129253009,13.5335287375095,14.9829912572495,10.7252642172625
2044-05-01,183.353126796875,212.718184793388,247.448999518072,449.885039540031,608.904973152991,397.927035229136,21.2104936184906,24.6759999423122,19.9481085626968
2044-06-01,72.57968865625,83.6297534090909,93.513655188755,70.0621099174317,62.200438581697,260.72574195816,8.37031121986702,7.88672546635782,16.147004117116
2044-07-01,161.84765921875,182.504960867769,207.481527590361,142.477646619473,521.257837080347,1427.96286931367,11.9364000695131,22.8310717462047,37.7883959611105
2044-08-01,409.783596640625,455.614055909091,498.238557269076,513.896572087846,1774.82344050886,1489.87954000494,22.6692869779322,42.1286534381158,38.5989577580138
2044-09-01,143.7781296875,169.052482272727,192.213657710843,127.929103309172,208.041678049492,133.73807460214,11.3105748443292,14.4236499558708,11.5645179148177
2044-10-01,142.762500242188,172.627275371901,203.743375341365,340.989969857831,784.089745440338,427.309087953186,18.4659137292968,28.0016025512887,20.6714558740594
2044-11-01,30.5546874921875,39.8227277355372,47.9702808192771,24.2168199591347,13.1367848120851,10.8843550451889,4.92105882500247,3.62447028020443,3.29914459294965
2044-12-01,84.8367211015625,99.5033065413223,114.451807582329,84.8505373588845,91.8325770480514,144.070244234865,9.21143514111045,9.58293154770769,12.0029264862726
2045-01-01,88.8890635703125,104.665290231405,120.236549835341,148.096997529952,53.2020438637165,112.067859976199,12.1695109815453,7.29397311920715,10.5862108412878
2045-02-01,48.93906171875,64.7177689669421,75.2453817228916,69.5995834906649,33.4315855321492,54.0519322222405,8.34263648319072,5.78200532100665,7.35200191935778
2045-03-01,117.492186867187,135.531813632231,155.073085783133,191.442358697991,54.2717267714048,58.9636275349567,13.8362696814564,7.36693469303243,7.67877773704623
2045-04-01,108.945313570313,132.536778727273,156.713255441767,236.71102076447,246.861929232007,117.437704012244,15.385415846329,15.7118404151776,10.8368678137294
2045-05-01,128.065624320313,145.750002049587,165.484338273092,205.405872682108,204.537326268176,151.442079858501,14.3319877435793,14.3016546688897,12.3061805552536
2045-06-01,189.100783203125,215.297112975207,237.718074216867,364.69645309839,248.489772792474,1075.70692995719,19.0970273366928,15.7635583797718,32.7979714305198
2045-07-01,139.213285648438,158.090086694215,178.074704096386,98.0549023884266,323.386785069748,1102.81871999692,9.90226753771208,17.9829581846188,33.2087145188867
2045-08-01,259.322659921875,288.910749090909,318.857031726908,147.706677729084,575.786809903165,561.061221404054,12.1534636103904,23.995558128603,23.6867309142493
2045-09-01,177.27734625,209.662812768595,233.084741767068,654.444007050364,933.750946409261,413.563669255924,25.5821032569717,30.5573386669923,20.3362648796657
2045-10-01,300.6703153125,361.177272561983,424.958646947791,1318.06094241699,2745.61687232559,1543.27586549868,36.3051090401473,52.3986342601178,39.2845499592229
2045-11-01,82.7195313046875,99.7020657024793,117.604818502008,131.313754722904,145.459956009823,85.3283598006056,11.4592213837985,12.0606780907967,9.23733510275586
2045-12-01,38.6109382265625,49.782645214876,58.1297195823293,38.4835073359563,45.3376281733169,40.3857370244461,6.20350766389115,6.73332222408203,6.35497734255962
2046-01-01,89.08749971875,105.020247045455,119.820082730924,144.325350059109,44.5722554043349,78.0001259093362,12.013548603935,6.67624560695117,8.83176799453746
2046-02-01,70.598439015625,90.555374285124,107.075501184739,115.447876651254,63.6387342839843,112.469178144425,10.7446673587996,7.97738893899403,10.6051486620615
2046-03-01,54.417187109375,65.8466935785124,76.9975885461847,58.8271222348092,23.6277223558491,23.948860771177,7.66988410830367,4.86083556149034,4.89375732655155
2046-04-01,91.3273439296875,112.10661303719,132.126507100402,169.616270897807,163.865642770137,80.837692726809,13.0236811577145,12.8010016315184,8.99097840764892
2046-05-01,108.117190867188,123.562399173554,142.029319638554,165.054034742435,205.212400895638,168.864232263525,12.8473357059912,14.3252365040036,12.9947771148075
2046-06-01,39.454687640625,46.1045461818182,49.7891572771084,19.0431293695414,8.91687012780675,23.2165377290605,4.36384341716581,2.98611287928081,4.81835425524738
2046-07-01,97.6210951640625,111.926859876033,127.512051212851,43.0161631168727,161.314593780079,491.617533223063,6.5586708346183,12.7009682221506,22.1724498696708
2046-08-01,153.87968984375,171.650416652893,189.109239919679,45.751057131485,208.396155796775,200.719823255588,6.76395277419092,14.4359327996765,14.1675623610975
2046-09-01,271.459385078125,312.990084214876,350.724101807229,500.243119235104,866.124447834155,583.748888890392,22.3661154256859,29.4299923179425,24.1608958627446
2046-10-01,77.696093484375,95.2723140578512,113.90441948996,59.0777155544322,144.771423044195,101.880445863589,7.68620293476774,12.0320996939102,10.093584391265
2046-11-01,105.420314609375,123.354134033058,144.449801192771,208.646387224696,255.241516211555,156.02044321249,14.4445971638082,15.9762797988629,12.4908143534555
2046-12-01,71.8804692890625,84.7690081157025,97.5361463614458,70.860170009248,67.9680552902958,105.160055033505,8.41784830044163,8.2442740911675,10.2547576779515
2047-01-01,161.03828015625,180.209093636364,204.555417349398,347.003610823887,111.335831718122,338.576976607004,18.6280329295362,10.5515795840302,18.4004613150596
2047-02-01,62.21406328125,79.6433883719008,93.2297203333333,91.7495824432214,44.6324322668366,72.3184196522348,9.57860023402279,6.68075087597469,8.50402373304748
2047-03-01,60.1093774140625,72.3272723140496,85.4939761606426,74.9878149024361,40.7779139911424,54.4475281299943,8.65955050233187,6.3857586856334,7.3788568308373
2047-04-01,131.353127828125,160.330994768595,189.820486024096,327.336984106642,354.851541872638,172.948911630674,18.0924565525702,18.8375035998042,13.151004206169
2047-05-01,180.23984625,209.463227396694,243.404423574297,449.900656971635,576.446288297787,429.502722684019,21.2108617687173,24.0092958725946,20.7244474639016
2047-06-01,115.792971953125,133.094631293388,145.429322148594,139.348230817687,83.7109479246712,371.290461256912,11.8045851607622,9.14936871727614,19.268898807584
2047-07-01,178.992970390625,201.973556157025,233.37470124498,255.132959880613,828.434630103887,2000.76884812634,15.9728820154853,28.7825403691871,44.7299547074032
2047-08-01,476.478131484375,527.767773264463,578.473099156627,601.639931215617,2171.01525903771,2433.36208457305,24.5283495412068,46.5941547732944,49.3291200466119
2047-09-01,73.631249140625,87.0574385702479,100.162249144578,20.6070422053554,39.6569872995318,29.5555111071352,4.53949801248502,6.29737939936382,5.43649805547056
2047-10-01,160.608597734375,194.514466446281,233.883134297189,289.974684237156,688.853744882731,473.912060610938,17.0286430533133,26.246023410847,21.7695213684394
2047-11-01,70.0875004140625,85.6487615289256,102.728520253012,76.9585642970816,59.3526283578709,54.389271821894,8.77260305137999,7.70406570311228,7.37490825854085
2047-12-01,127.992188695313,143.522726694215,164.658232891566,115.614109392947,154.076759415799,318.942622644073,10.7524001689366,12.4127659857019,17.8589647696632
2048-01-01,74.260937890625,90.0516524834711,102.758235710843,119.548532034719,36.0708159596744,47.5331864867367,10.9338251328032,6.00589843068249,6.89443155646183
2048-02-01,183.216407890625,221.98099231405,257.429326385542,561.889784378042,393.896374503566,664.19172222165,23.7042144855729,19.8468227810792,25.7719173175309
2048-03-01,105.589062257813,122.219419194215,141.909638931727,160.627622589201,50.8268824912168,94.6806035915516,12.6738953202715,7.12929747529284,9.73039585996128
2048-04-01,106.863279132812,131.753720301653,154.255823815261,229.695490294347,201.392480652651,92.2671149667293,15.1557081752832,14.1912818537527,9.60557728440771
2048-05-01,87.6617201640625,100.125621016529,114.10682897992,98.7377005113115,108.597184875448,65.9335534794682,9.93668458346704,10.4209973071414,8.11994787418418
2048-06-01,30.032813109375,33.5433889834711,37.012048811245,9.69544904079883,8.06694600771692,20.6263055085135,3.11375160229567,2.84023696330375,4.54161926062869
2048-07-01,87.846876484375,99.4648777768595,115.40281297992,57.9308546377191,191.511759136643,463.143630798014,7.61123213663328,13.8387773714531,21.5207720771819
2048-08-01,285.0054690625,319.939675206612,351.986754578313,238.867941586335,810.673642110179,791.532804287352,15.4553531692529,28.4723311674717,28.1341927960863
2048-09-01,404.685941953125,474.370664545455,561.238158795181,610.447043114814,1481.53000889825,1778.00365189111,24.7072265362751,38.4906483304484,42.1663805879888
2048-10-01,76.7109373359375,95.0074393471074,109.33936135743,122.743018554049,228.51893827714,151.022073625065,11.078944830355,15.1168428673827,12.2891038576889
2048-11-01,145.02187375,168.079341322314,198.814453333333,280.8735065513,311.742484419273,268.239269831676,16.7592812062839,17.6562307534556,16.3780117789577
2048-12-01,67.418749265625,81.8338848595041,94.2726920722892,77.1509502073146,72.8312908637157,90.4683167153494,8.78356136241528,8.53412507898236,9.51148341297767
2049-01-01,131.868750367187,149.401654359504,168.663052811245,258.679465440572,96.9537419407105,173.169736465549,16.0835153321832,9.84650912459388,13.1593972683231
2049-02-01,67.4890629453125,87.5028921115702,103.128112036145,112.573283924022,58.0403844483325,108.695683275228,10.6100557926913,7.61842401342512,10.4257221944203
2049-03-01,116.561718789062,135.981403710744,156.62408746988,194.343693261968,76.7778587789472,92.7530621643593,13.9407206866061,8.76229757420662,9.63083912046917
2049-04-01,170.842971171875,207.700001983471,245.236550803213,568.226182797174,600.213901203431,275.593716966518,23.8374953129974,24.4992632787892,16.6010155402167
2049-05-01,206.97734296875,240.850415247934,278.29076815261,585.796492081629,669.8319640968,426.373271937755,24.2032330915031,25.8811121108966,20.6488080028305
2049-06-01,62.8656266875,71.805785785124,80.7506045180723,50.1402367846575,53.0774836654706,176.101931134325,7.08097710663278,7.28542954570769,13.2703402795228
2049-07-01,235.87813046875,266.441738801653,301.278714297189,342.978986886965,1129.28821175609,3523.6871048988,18.5196918680351,33.6048837485877,59.3606528341696
2049-08-01,101.932814546875,117.607025681818,129.14698784739,55.8378035772469,148.259894012612,131.295593844436,7.47246971069451,12.176201953508,11.4584289431159
2049-09-01,347.86876328125,404.052483264463,454.6281162249,888.534465640657,1441.63028190422,872.189577348263,29.8082952488172,37.9688066958157,29.5328558955659
2049-10-01,132.679687984375,161.870249214876,191.801608072289,268.259391745064,516.685679898713,308.24698088765,16.3786260640221,22.7307210598061,17.5569638858104
2049-11-01,69.2937502578125,80.6677705082645,97.2253030160643,47.7122366835806,36.8606904701042,81.1706814725734,6.90740448240731,6.07130055837332,9.00947731406064
2049-12-01,127.714063914063,143.161570070248,162.433331807229,132.196942541909,194.252897472397,289.242035680359,11.4976929225784,13.937463810622,17.0071172066391
2050-01-01,97.8953133671875,114.421489086777,130.10562137751,164.248830081472,48.9005293545589,90.2261930228225,12.8159599750262,6.99289134439818,9.49874691855839
2050-02-01,39.9257822890625,53.6442130702479,62.6317288072289,51.7660337481746,22.0742705737509,34.6900084049251,7.19486162119708,4.69832635879532,5.88982244256354
2050-03-01,145.473438335937,168.331408553719,194.243374939759,278.937151680336,89.6370979324448,130.358461520544,16.7014116672914,9.46768704237972,11.4174630071897
2050-04-01,43.32187528125,52.7958684710744,62.0650612409639,34.2140058553174,35.7052162563259,17.2456678141041,5.84927395967375,5.97538419319845,4.15279036481546
2050-05-01,105.480472523437,121.728926582645,138.756627381526,154.726427059424,154.71997577257,78.2439810580155,12.4389077920621,12.4386484704959,8.84556278921898
2050-06-01,83.281251390625,94.1504142190083,104.616869333333,88.7051475801437,67.4596711725615,131.608002820893,9.41834102059082,8.21338366159535,11.4720531214292
2050-07-01,48.1828127734375,54.9933885578512,61.3313260160643,10.5242700480592,22.7020326975035,96.1043337778254,3.2441131373704,4.76466501419601,9.80328178610742
2050-08-01,192.217190390625,214.740909876033,233.286349156626,180.38543953381,477.484944309029,509.217977112909,13.4307646667571,21.8514288848356,22.5658586611037
2050-09-01,422.492191484375,494.622726942149,569.622107630522,803.485223933488,1499.77729443953,1007.02614566426,28.3458149280187,38.7269582389262,31.7336752624757
2050-10-01,36.0109380078125,45.9000003016529,53.7088355542169,21.9964146352638,33.3132000672246,27.8091130988484,4.69003354308514,5.77175883654408,5.27343465863078
2050-11-01,94.8828141640625,110.369009904959,133.334939787149,87.6280223734399,69.1929165145206,165.404807369457,9.36098404941702,8.31822796721276,12.8609800314539
2050-12-01,47.0460945390625,58.2814060950413,69.2722882891566,38.5626650217817,57.3482350653461,80.8365971154074,6.20988446122645,7.5728617487279,8.99091747906783
2051-01-01,53.3617189921875,66.8214884049587,77.3120460160643,78.5990711673226,31.9553899781372,36.1612875778012,8.8656117198602,5.65290986821276,6.01342561089777
2051-02-01,64.1742203671875,83.214877785124,97.7120472851406,98.6326547523859,56.8689956102842,104.211246983406,9.93139742193343,7.54115346683014,10.2083910085481
2051-03-01,62.921093984375,75.6297507520661,87.5779148594378,65.2353457528721,19.2090072035589,23.186169002475,8.07684008464152,4.38280814131293,4.81520186518437
2051-04-01,130.67187696875,158.855786942149,187.226509518072,330.708446867558,343.040661125105,170.51360482314,18.185391028723,18.5213568921152,13.0580858024115
2051-05-01,62.224217640625,73.0111571280992,83.3261055381526,64.7777772516122,65.3204392119543,28.3037347384177,8.0484642790791,8.08210611239139,5.32012544386104
2051-06-01,11.1109375234375,12.7123967438017,13.9216868473896,1.78176917822372,0.992459841576391,1.57396348016942,1.33482926931639,0.996222787119623,1.25457701245058
2051-07-01,48.99843815625,55.2008275041322,61.1144585060241,5.19495916033868,19.1231507397865,25.7177728151228,2.27924530499433,4.37300248568263,5.07126934949454
2051-08-01,163.341407578125,185.197111157025,208.33012437751,59.0128288567098,258.570626342031,284.685758169243,7.68198078992065,16.0801314155709,16.8726334094368
2051-09-01,332.6906246875,395.800002561983,459.682734297189,1327.57319813615,1772.85611974309,848.242985234378,36.4358778971517,42.1052980008821,29.1246113319024
2051-10-01,42.341406265625,54.0842988884297,61.7224902771084,40.9128419614983,69.0885513691942,60.0493154083679,6.39631471720227,8.31195231995433,7.74914933449911
2051-11-01,163.7437515625,190.611985826446,225.404817068273,383.385212728566,426.77235701382,335.833110113894,19.5802250428479,20.6584693773237,18.3257499195502
2051-12-01,167.41172265625,183.953308181818,210.262653052209,174.667325103774,174.922365873826,482.427163896088,13.2161766446947,13.2258219356616,21.9642246368063
2052-01-01,128.728127078125,147.553305,168.548596586345,251.688692984648,71.4842294425977,185.534509220258,15.864699586965,8.45483467860831,13.6211052862922
2052-02-01,143.1718746875,177.983061404959,207.125710522088,386.500580725756,260.175127528651,467.900558449139,19.6596180208507,16.1299450565912,21.6310091870245
2052-03-01,75.1171894453125,90.1814070041322,104.309638823293,89.6113727129512,45.3216689922416,31.6341733209112,9.46632836494441,6.7321370301147,5.62442648817737
2052-04-01,91.84140784375,111.930992747934,131.353817144578,159.439263971545,157.361726087994,77.3745113041771,12.6269261489701,12.5443902238409,8.7962782643671
2052-05-01,183.402348515625,210.400418099174,240.913258273092,437.871355165592,480.837190754159,358.530717638686,20.9253758667698,21.9280001540076,18.9349073839479
2052-06-01,71.1609391953125,80.7495869256198,89.4783135341365,53.3482102602859,47.8306182386491,120.381569976663,7.30398591594246,6.91596835147827,10.9718535342331
2052-07-01,160.246094765625,181.94132661157,206.806027550201,140.129251581899,450.998327522567,1551.09382912713,11.8376201823635,21.2367212046155,39.3839285639095
2052-08-01,199.21015765625,225.77025107438,256.059041124498,98.3753859782291,428.842221246425,371.249428049624,9.91843667007201,20.7085060119369,19.2678340258998
2052-09-01,552.235164453125,641.094642024793,735.040178313253,2051.09025123806,3465.15004318351,2117.53746410794,45.2889639011323,58.8655250820335,46.0167085318794
2052-10-01,219.741406015625,264.333468636364,311.599601566265,616.629861822057,1217.5411168128,720.72952719611,24.8320329780318,34.8932818292118,26.84640622497
2052-11-01,58.2171886171875,70.0429763471074,84.4465849437751,44.4012750282326,31.0779770445338,51.330811216605,6.6634281738631,5.5747625101464,7.16455240867181
2052-12-01,102.91484509375,116.797520714876,135.236949036145,77.8001729557202,109.73191986593,229.710356384183,8.82044063274167,10.4753004666181,15.156198612587
2053-01-01,102.401562921875,118.506198495868,135.412853662651,172.341880786901,57.1741920898247,122.948734503579,13.1279046609465,7.56136178805278,11.0882250384622
2053-02-01,55.0382831953125,70.7446274214876,83.8377498313253,72.0638186016823,44.8827142671254,74.6169137153973,8.48904108846708,6.69945626652831,8.63810822549691
2053-03-01,118.216408257813,137.750000987603,160.267470321285,184.223987608282,71.3641457333451,112.432696432312,13.5729137479129,8.44773021191758,10.6034285225257
2053-04-01,112.478907960938,136.606201371901,163.445786325301,232.141828429265,312.084081532006,178.34606774397,15.2362012466778,17.6659016620156,13.3546272034816
2053-05-01,143.594532390625,167.698762272727,193.271492971888,292.599531632194,320.920253598769,169.505656798582,17.1055409628633,17.9142472238933,13.0194338125197
2053-06-01,67.7062523046875,78.2363643595041,86.98955937751,67.9271981174389,48.1649585131939,164.781440307921,8.24179580658481,6.94009787490017,12.8367223350792
2053-07-01,98.146095703125,112.937605714876,132.096790698795,86.1779537923751,312.35339050741,881.281198966214,9.28320816271913,17.6735223005322,29.6863806983306
2053-08-01,369.172657578125,409.296697272727,458.716470883534,330.0863190884,1303.91128971117,1255.37133771359,18.1682778239546,36.1097118475234,35.4312198169014
2053-09-01,179.053126328125,213.889262396694,246.351809558233,451.140985936616,574.943440142652,216.651517196402,21.2400797064563,23.977978233009,14.7190868329663
2053-10-01,193.642190546875,231.654549256198,274.411251164659,416.379478697711,1080.29294243017,661.140834675318,20.4053786707748,32.8678101252604,25.7126590354891
2053-11-01,118.74296784375,143.553724206612,172.973091445783,194.552182161124,192.226401010026,184.948169276477,13.9481963766332,13.8645735964012,13.5995650399738
2053-12-01,118.469530625,134.208265739669,152.071487389558,128.041663513449,100.741420171708,179.881882395786,11.3155496337319,10.0370025491532,13.4120051594005
2054-01-01,117.9265620625,135.685125830578,153.336140481928,214.937435380215,63.898831486898,122.567615647493,14.6607447075589,7.99367446715827,11.0710259527964
2054-02-01,64.39921946875,82.1987636115702,95.1485962128514,95.1090693041308,56.4592945845618,93.8426978243206,9.75238787703457,7.51394001736517,9.68724407787481
2054-03-01,99.8281219609375,115.72603142562,135.053411542169,154.379793562895,89.781515325805,110.492184312995,12.4249665417213,9.4753108300364,10.5115262599204
2054-04-01,186.62109609375,226.074383099174,267.210043373494,632.377036694742,703.685783267385,335.916348312813,25.1471079190976,26.5270764176414,18.3280208509488
2054-05-01,133.514064320313,150.655786438017,170.060644859438,216.464015634257,208.875488412262,190.538401032534,14.7127161202226,14.4525253299298,13.8035647943759
2054-06-01,29.94531290625,34.1826451859504,38.4397594939759,7.2317896849421,10.2245114088146,37.7067612648282,2.68919870685342,3.19757899180218,6.140583137197
2054-07-01,145.143751132812,164.356613181818,185.259040803213,105.256317821442,373.94498760734,1168.10492495869,10.2594501714976,19.3376572419551,34.1775500139886
2054-08-01,113.34218884375,127.951655669421,139.102412289157,75.8393174786706,174.556585937891,167.245254361489,8.70857723618908,13.2119864493531,12.9323336780911
2054-09-01,66.6539054609375,81.0500017066116,92.0321317791165,54.8766722879283,63.981843856069,23.5415355566918,7.40787906812256,7.99886516051302,4.85196203166222
2054-10-01,113.85234546875,138.830167491736,168.061848393574,151.015285556277,287.467574570304,239.972845118109,12.2888276721694,16.9548687570946,15.4910569399931
2054-11-01,125.737500101563,149.056194884298,178.840570200803,195.849705033368,190.179677204588,199.163610365787,13.994631293227,13.7905647891806,14.1125338038846
2054-12-01,161.740627578125,176.34876392562,200.426910200803,142.790207096337,211.419409424677,458.495713623059,11.9494856414967,14.5402685471994,21.4125130151288
2055-01-01,105.149999765625,121.166117041322,138.107629935743,174.080130979576,50.9453304860132,100.841440509944,13.1939429656027,7.13759977065212,10.0419838931331
2055-02-01,96.7140645390625,121.099996132231,141.138556108434,187.013707105264,108.893506302166,196.609573811505,13.6752955033982,10.4352051394386,14.0217535925969
2055-03-01,100.176562804688,115.35041542562,136.651808485944,162.187511456157,116.571556448748,194.304743343282,12.7352860767302,10.7968308520949,13.93932363292
2055-04-01,125.269532382812,152.764876884298,179.828919477912,329.473289462327,315.639569135131,136.086950589965,18.1513991048163,17.7662480320165,11.6656311698067
2055-05-01,102.055469882813,115.056613090909,129.727711590361,126.603930954265,128.519309810903,122.750949480167,11.2518412250736,11.3366357360067,11.0793027524374
2055-06-01,89.313283359375,102.239257033058,115.719679783133,112.594682181941,121.440139867482,421.97462209128,10.611064139941,11.0199881972479,20.5420208862536
2055-07-01,131.40390859375,147.695869880165,167.88594724498,57.1002211538317,233.341849517045,614.966596901281,7.55646882835043,15.2755310715224,24.7985200546581
2055-08-01,390.464068046875,430.990095578512,472.730933895582,334.164261800044,1293.77860561244,1282.89403771244,18.2801603329961,35.9691340681484,35.817510210963
2055-09-01,541.43282546875,618.803725082645,686.625730923695,2817.85498703015,4875.9170613636,3137.93536536666,53.0834718818405,69.8277671228545,56.017277382667
2055-10-01,32.0101565703125,40.978512946281,47.8361454176707,17.2308413452156,32.2268399750183,28.4884441503541,4.1510048596955,5.67686885307546,5.33745671180143
2055-11-01,91.9539069453125,110.153719971074,130.58995815261,144.719661462104,148.654100812756,102.233678920922,12.0299485228368,12.1923788004128,10.1110671504506
2055-12-01,91.55390559375,105.572729772727,121.993981116466,83.1903655696086,91.134260995084,179.398746824675,9.12087526335102,9.54642660868893,13.3939817390004
2056-01-01,113.116408570313,130.723966623967,149.747796562249,212.518689470396,73.7196354525092,185.872814555321,14.5780207665649,8.58601394434631,13.6335180549747
2056-02-01,54.82656315625,71.2719018719008,83.7859433212851,79.3002409483391,34.4688224856726,56.3466054751852,8.90506827308691,5.87101545609212,7.50643760216424
2056-03-01,85.2601570703125,98.0640516033058,111.974298742972,96.0808360365911,31.3298619995943,31.7932974722243,9.80208324982966,5.59730846028645,5.63855455522284
2056-04-01,70.943750109375,86.9309926859504,104.052210851406,101.288785538393,126.21220016403,68.7442113126201,10.0642329831136,11.2344203305747,8.29121289755727
2056-05-01,72.512502453125,84.3640495495868,98.8967872409639,81.2566738815185,120.764958319362,95.1914437591814,9.014248381397,10.9893110939386,9.75661025967428
2056-06-01,30.935156703125,34.9706614338843,38.1971891285141,12.284658229898,6.08166632426184,14.0405962542421,3.50494767862489,2.46610346990183,3.74707836243681
2056-07-01,94.3539084375,107.330167376033,124.383938843373,61.3633026054381,218.34783813664,520.500304310439,7.833473214701,14.7765976509019,22.8144757623409
2056-08-01,227.47578625,254.966945743802,279.875109879518,160.163167014997,583.705927994935,474.024689153933,12.6555587397395,24.1600067879737,21.7721080548929
2056-09-01,186.255473046875,211.010338636364,229.408440522088,283.57664136128,535.860493441243,485.472649978667,16.8397340050631,23.1486607267298,22.0334438973726
2056-10-01,116.153908867187,142.907439454545,169.859839839357,167.657599818607,313.5547872341,214.249085980817,12.9482662862102,17.7074782855747,14.6372499459706
2056-11-01,94.6718749296875,113.838845752066,135.260241413655,154.77796476619,154.778432947099,107.755658278545,12.4409792527031,12.4409980687684,10.3805422921226
2056-12-01,76.64296896875,90.3107453677686,104.887955791165,72.38041747935,75.2206930821353,128.568425394118,8.50766815757115,8.67298639928227,11.3388017618317
2057-01-01,117.308596398438,134.800000752066,153.34096686747,216.643381120146,70.4764403818236,149.81358785998,14.7188104519403,8.39502473979818,12.239836104294
2057-02-01,157.41796953125,190.533472727273,222.186748473896,415.741253962947,247.391582587409,438.022139229405,20.3897340336491,15.7286866135545,20.9289784564227
2057-03-01,69.298438171875,82.7760335165289,95.6538174016064,77.0338701477998,31.1123753936229,26.5501612393038,8.77689410599215,5.57784684207292,5.15268485736357
2057-04-01,98.4023459921875,119.956613644628,141.483938136546,190.804333988436,194.759174809362,91.8081289053583,13.8131941993311,13.9556144547405,9.58165585404518
2057-05-01,118.481252523438,135.211983756198,153.479922309237,177.670968498558,173.852506226117,127.010496216617,13.3293273835763,13.1853140359309,11.2698933542699
2057-06-01,118.196877109375,135.635126595041,154.72731160241,168.362237846405,235.023875736988,861.698795584809,12.9754475008149,15.3304884376522,29.3547065320846
2057-07-01,139.041407765625,157.867356694215,177.106832208835,74.1975904757424,254.124022847965,754.806611890934,8.61380232393003,15.9412679184551,27.4737440457418
2057-08-01,116.390626820313,130.542977309917,143.217671301205,45.1676319131729,137.414105724162,99.7685616273251,6.7206868631988,11.7223762831673,9.98842137814205
2057-09-01,36.585937828125,45.1851244710744,53.6598395100402,8.33507371718542,18.8172031199755,16.7412878146342,2.88705277353661,4.33788002600066,4.09161188465307
2057-10-01,512.400008828125,606.735562066116,723.074709678715,1835.31008674186,5251.43258467716,3747.42723564836,42.8405192165298,72.4667688301139,61.2162334323859
2057-11-01,139.91640796875,162.875621322314,192.095187068273,289.852884110785,330.446584915406,251.199575661998,17.0250663467367,18.1781898140438,15.8492768182652
2057-12-01,104.496875640625,118.799587661157,137.288351686747,96.2379444796694,104.990797811921,244.7962805303,9.81009400972638,10.2465017353203,15.6459669094083
2058-01-01,150.836717804688,170.551654834711,193.130923172691,318.942786231318,95.3663864079504,189.761848030745,17.8589693496382,9.76557148394043,13.7754073635136
2058-02-01,80.5859391015625,101.710330768595,118.404820779116,139.037110214731,73.9461528764078,126.245709974504,11.7913998411864,8.59919489698936,11.2359116218714
2058-03-01,69.0500004375,82.393391053719,94.1546228955823,69.4265981008056,22.514487711584,13.7232147108654,8.33226248391189,4.74494338339078,3.70448575525206
2058-04-01,210.821099921875,256.559094008264,301.662254939759,819.167015319454,823.998160495477,367.869415896768,28.6210938875413,28.7053681477085,19.1799222077872
2058-05-01,88.42812528125,101.452893950413,116.402812694779,105.034835820309,121.135191734731,82.0788362044735,10.2486504389753,11.0061433633553,9.05973709356257
2058-06-01,120.353909078125,137.875208280992,153.992773128514,186.292089080708,156.366259618755,533.911156506158,13.6488860014548,12.5046495200287,23.1065176196275
2058-07-01,21.8234377890625,24.1909094586777,27.6052212008032,1.52716282177722,7.46663945899716,15.196464424301,1.23578429419427,2.73251522575761,3.8982642835371
2058-08-01,447.325786796875,492.920255289256,539.980327349398,455.912291758455,1709.2332491002,2014.71779318518,21.3521027479369,41.3428742239844,44.8856078624896
2058-09-01,73.562500859375,86.0491723305785,100.742572176707,19.9762208555311,58.4197596333389,56.8934854872769,4.46947657511829,7.64328199357703,7.5427770408038
2058-10-01,216.18516078125,257.983888140496,303.158638032129,669.895283229272,1610.63975775439,874.044329975055,25.8823353511477,40.1327766016056,29.5642407305693
2058-11-01,86.7507805234375,102.564052,121.263855032129,112.487882467129,111.156236086343,85.2628879040365,10.6060304764379,10.5430657821311,9.23379054906686
2058-12-01,120.542971828125,134.845869409091,155.004021546185,107.717113896301,109.999097564191,276.490420537914,10.3786855572515,10.4880454596741,16.6280010986863
2059-01-01,159.136719265625,177.701655702479,200.229725461847,349.177568709045,134.25764538024,255.947132487533,18.686293605449,11.5869601440688,15.9983478049308
2059-02-01,100.040626054687,128.663225830579,150.708437032129,226.307514634958,144.609002289044,267.394151941739,15.0435206861612,12.0253483229819,16.3521910440693
2059-03-01,98.2328102578125,113.587603078512,133.644981835341,168.5254513791,98.2944389973833,156.410954982322,12.9817352992233,9.91435519826596,12.5064365421299
2059-04-01,93.287502359375,113.857026516529,136.761046706827,161.256212528759,227.955397126545,131.485049957297,12.6986697149252,15.0981918495741,11.466693069813
2059-05-01,154.89531453125,180.563639421488,211.513657269076,343.97463426729,482.940893327167,343.638535412562,18.5465531640596,21.9759162113248,18.5374899976389
2059-06-01,58.006250515625,67.1066118719008,73.2991972851406,49.5220131179249,23.3465919034332,75.9740963337169,7.03718787001775,4.83183111288393,8.7163120833135
2059-07-01,63.8921874140625,74.7123974380165,85.4510061285141,23.9969352309602,85.2618476077356,277.247942400602,4.8986666788995,9.23373421794972,16.6507640185248
2059-08-01,323.928908125,359.66570661157,403.247004136546,232.347573157859,976.952568320768,932.22156660658,15.242951589435,31.2562404700368,30.5323036570544
2059-09-01,77.451562796875,94.3574398966942,112.6714877751,38.0376391305744,59.6253681863382,63.782856690369,6.16746618398305,7.72174644664911,7.98641701205046
2059-10-01,65.4203130078125,80.8706618264463,94.4020079477912,54.4348598130884,101.363704110095,63.876498837428,7.37799836087596,10.0679543160512,7.99227744997807
2059-11-01,101.80156053125,120.441736082645,143.308838148594,142.242588115709,140.835591640962,124.017456073083,11.9265497154755,11.8674172270533,11.1363124988967
2059-12-01,86.5296870625,100.91074468595,116.122087710843,84.423025954568,84.0427883748185,138.649037051394,9.18820036539082,9.16748538994301,11.7749325709914
2060-01-01,97.4960947578125,113.99752242562,131.246986594378,171.282201934594,60.0958611449525,134.34113758935,13.087482643144,7.75215203314232,11.5905624362819
2060-02-01,103.87812621875,130.268182107438,152.953013706827,218.396950787638,132.057965318985,238.744805965375,14.7782593964119,11.4916476329108,15.4513690644349
2060-03-01,139.112501726562,158.54504285124,183.07630626506,262.173418038503,85.4274069721881,156.917012512811,16.1917700711967,9.24269478951827,12.5266520871625
2060-04-01,95.2148470703125,116.157027933884,138.71526526506,156.646177137487,204.270107712786,111.196814420023,12.5158370530096,14.2923093904654,10.5449900151694
2060-05-01,133.210157507813,154.734296665289,179.774698192771,238.598651924519,306.397491184227,223.579575608236,15.44663885525,17.5042135265835,14.9525775573389
2060-06-01,157.269536453125,178.740086157025,198.364662048193,285.958945433636,215.324851461569,764.279329637542,16.9103206780249,14.6739514603793,27.6456023562074
2060-07-01,97.0343775546875,110.973141429752,127.633336598394,71.2049538671074,257.687056974168,749.374632845785,8.4383027835642,16.0526339575214,27.3747079043007
2060-08-01,150.420314921875,170.934712024793,191.170686425703,48.0102951568331,207.74075137865,227.844967249608,6.92894617938638,14.4132144707088,15.094534350208
2060-09-01,275.52109109375,327.812400413223,392.120893212851,394.489711065015,701.27302235566,1004.66865388337,19.8617650541188,26.481560043843,31.6965085440553
2060-10-01,51.6226577578125,64.3834721280992,77.0485959116466,36.8532597679572,66.5313639930731,47.1376687165712,6.07068857444995,8.15667603825683,6.86568778175728
2060-11-01,114.618747617187,134.059093173554,157.70241126506,199.380299565716,228.821919851702,161.571771537481,14.120208906589,15.1268608723589,12.7110885268525
2060-12-01,119.495313,132.945867,152.526906586345,93.701694312667,110.177665542956,263.97505041411,9.67996354913937,10.4965549368808,16.2473090206997
2061-01-01,123.832815390625,140.980992640496,158.597592771084,226.230906499439,79.6847958238229,130.233878488606,15.0409742536658,8.92663407023178,11.412005892419
2061-02-01,131.953125820312,163.296282479339,191.527713293173,322.696921049218,197.922712819865,354.393766207264,17.9637668947584,14.068500731061,18.8253490328138
2061-03-01,42.023437484375,51.1103316198347,58.7638554538153,31.6048036393317,10.2914659616195,7.13514385716285,5.62181497732998,3.20803147765409,2.67116900572818
2061-04-01,89.8421886484375,109.268595367769,127.494378269076,155.27315566062,152.296753649309,73.4061897510006,12.4608649643843,12.3408570873059,8.56774122806009
2061-05-01,117.035158289062,133.939669020661,152.62369535743,176.9909492467,181.873044671685,109.838874219397,13.3037945431632,13.4860314648782,10.4804042965621
2061-06-01,102.789062765625,118.112812669421,127.665463281125,146.466823012996,62.2194074141412,164.707866483734,12.1023478306069,7.88792795442131,12.8338562592751
2061-07-01,126.971099507812,144.561157603306,161.550603172691,67.3515119975617,205.833125215482,708.705879945314,8.20679669527409,14.3468855580395,26.6215303832314
2061-08-01,182.46094015625,204.589672561983,218.537353253012,355.050147559653,814.737552511559,726.308142931141,18.8427744124811,28.5436079098554,26.9501046923967
2061-09-01,57.4078128671875,69.3466970867769,81.6815267831325,15.9504902375327,29.3411030899327,34.3828118255366,3.99380648473768,5.41674284879139,5.86368585665506
2061-10-01,130.7382831875,157.792976528926,188.881125863454,128.009926773992,329.891525528523,256.729388854978,11.3141471960547,18.1629162176266,16.0227771892072
2061-11-01,60.980468015625,72.4264465991736,84.9277127389558,61.6275729071312,63.3468540229762,41.2094302710981,7.85032310845428,7.95907369126434,6.41945716327308
2061-12-01,55.891406515625,68.934712607438,80.800801751004,54.4244060178077,60.3303195346513,77.7211788191588,7.37728988299956,7.76725946101013,8.81596159356192
2062-01-01,72.0429686328125,85.9483503223141,98.3008022369478,102.773293204497,36.0127270001456,58.6391443498739,10.1377163702925,6.00106048962561,7.65762001863986
2062-02-01,117.136719828125,145.532648219008,171.081126144578,264.297300749193,157.965315323339,295.634915430037,16.257223033138,12.5684253318918,17.1940372056721
2062-03-01,91.43281421875,104.346694826446,120.552210570281,118.153396962719,44.3392607666294,71.8539626566353,10.8698388655361,6.65877321784046,8.47667167328281
2062-04-01,132.087501789062,162.696698309917,192.276309277108,345.258457778983,336.061553376574,162.566975067394,18.5811317679786,18.3319817089308,12.7501754916312
2062-05-01,139.438285765625,160.844215520661,185.02811497992,257.8449053089,297.565250625122,176.652692038175,16.0575497915747,17.2500797280802,13.2910756539181
2062-06-01,109.51953215625,126.519834235537,144.990765598394,226.761582344471,312.340900198212,878.389850405457,15.0586049269005,17.6731689348066,29.6376424569408
2062-07-01,299.2375071875,336.897527561983,381.314069036145,590.543758748469,1902.79022596168,5876.9089623131,24.3011061219128,43.6209837803055,76.6610002694532
2062-08-01,232.89609421875,261.492977479339,285.651407068273,231.688775932031,670.047764264104,597.326131270583,15.2213263525893,25.8852808419013,24.4402563667115
2062-09-01,396.046884453125,463.011172892562,529.184749277108,1165.32346855626,1730.0477606746,830.974917850536,34.136834483535,41.5938428216798,28.826635562454
2062-10-01,78.882031828125,96.3247939256198,113.379116767068,59.5759508026837,153.968362243302,120.358200445849,7.7185458994997,12.4083988589706,10.9707885061124
2062-11-01,55.428907203125,66.2198363016529,77.0634545421687,63.9185915009815,77.6601666245679,41.0758600982054,7.99491034977764,8.81250058862794,6.40904517835577
2062-12-01,151.93125109375,169.127275495868,192.654217831325,176.144021946947,143.522555118173,363.657562477002,13.2719260827864,11.9800899461637,19.069807615102
2063-01-01,97.622658203125,114.125208487603,132.020482080321,177.135997785471,71.5528409029196,158.369958936477,13.3092448240113,8.45889123366175,12.5845126618585
2063-02-01,37.662501125,49.9425616735537,59.0168669036145,42.9387564818998,19.4148993940193,29.8342308539804,6.5527670858882,4.40623415106588,5.46207202936581
2063-03-01,24.5359380546875,31.3243800495868,35.6156652248996,14.741059798403,6.74907559581386,5.04681548139632,3.83940878240426,2.59789830359348,2.24651184759759
2063-04-01,111.341408265625,135.315291272727,159.329319718875,247.2387963631,250.70911177195,114.398540089459,15.7238289345535,15.8337965053221,10.6957253185307
2063-05-01,224.702346796875,262.158678512397,300.753023975904,744.505793803825,771.827313707429,377.855877775572,27.2856334689856,27.7817802472669,19.4385153181917
2063-06-01,93.5007820703125,106.409506152893,118.749801485944,90.4054239205734,84.4924518282477,300.951118657258,9.50817668749237,9.19197757983818,17.3479427788213
2063-07-01,189.2757809375,213.242151363636,243.124903975904,211.824840535067,723.218871525207,1850.80642434785,14.5542035348921,26.8927289713262,43.0209998064649
2063-08-01,205.935161328125,229.172729834711,255.040562931727,76.1289314581313,353.973127277392,349.149414006235,8.72518947978388,18.8141735741273,18.6855402385437
2063-09-01,156.757036328125,186.526861983471,218.514459879518,164.000900249967,240.24670711622,177.049342173723,12.8062836236734,15.4998937775786,13.3059889588757
2063-10-01,62.6226576015625,77.1979348677686,88.1919709076305,109.599085480605,235.871470874409,150.753835835871,10.4689581850633,15.3581076592922,12.2781853641274
2063-11-01,202.3140628125,234.388841859504,279.744585100402,457.84966549922,483.890134548064,562.831843549062,21.3974219358132,21.9975029161963,23.7240772960523
2063-12-01,122.527345046875,139.073554876033,160.428918072289,125.087312056776,125.507436033349,297.897802401526,11.1842439197639,11.2030101326987,17.2597161738403
2064-01-01,62.5374995546875,76.9690092809917,89.8433732891566,101.827070510845,45.8763514972596,67.5028530770138,10.0909400211697,6.77320836068547,8.2160119934804
2064-02-01,106.558593078125,132.780162549587,154.56907502008,218.790795783956,133.69152374819,227.602749200767,14.7915785426693,11.5625050810017,15.0865088473366
2064-03-01,127.050004265625,146.818183,169.078315502008,227.348335486761,65.5606896400535,103.976371628653,15.078074661135,8.09695557849081,10.1968804851608
2064-04-01,147.45156521875,179.542152603306,211.328517068273,431.738184050544,432.626315486636,196.813607772025,20.7783104233849,20.7996710427506,14.0290273280803
2064-05-01,66.7492195078125,76.5710756859504,85.5935743895582,74.8959023017928,65.8357673292365,29.6215809579681,8.65424186753483,8.11392428663446,5.44257117160337
2064-06-01,205.563282734375,231.273975743802,257.433340883534,361.963933290096,358.566355571295,1260.40562375823,19.0253497547376,18.9358484249134,35.5021918162559
2064-07-01,103.461720132813,115.427274830579,131.383135453815,74.5567178081029,202.015853345406,275.2774528661,8.63462320012303,14.2132281113548,16.5914873614785
2064-08-01,105.071095046875,116.781406491736,121.309640016064,253.624749674591,462.954304555662,347.662987394581,15.9256004494208,21.5163729414523,18.6457230322286
2064-09-01,153.700782578125,172.573552809917,189.48715188755,78.3526397608413,220.721825461458,294.092744381652,8.85170264756116,14.8567097791354,17.1491324673189
2064-10-01,108.714062539062,132.961158991736,159.033335566265,182.527526999714,384.254176668151,237.848789818075,13.5102748676596,19.6024023188014,15.4223470917391
2064-11-01,89.753123359375,104.738842983471,123.351002919679,121.839072703284,134.959459782129,104.334918137334,11.0380737768545,11.6172053344223,10.2144465409211
2064-12-01,102.917187242187,118.595870871901,136.507638212851,100.900799940487,113.156911214939,194.372218662243,10.0449390212428,10.6375237351058,13.9417437453944
2065-01-01,86.2906269609375,101.663635780992,116.359439485944,137.558361026087,42.6459599458702,75.8923064199631,11.7285276580689,6.53038742693496,8.71161904699483
2065-02-01,53.207032359375,69.4008270247934,81.3923689799197,74.5682205092899,35.0718620534752,59.6193480553432,8.63528925452355,5.92215012081551,7.72135662013763
2065-03-01,30.051563609375,36.6256193966942,42.9032122690763,20.0436200398162,16.2835668209863,10.6111183300509,4.47701016749082,4.03529017804002,3.25747115567443
2065-04-01,95.15078190625,115.908679508264,136.98755315261,171.74694730352,185.701319975988,86.636581073128,13.1052259539284,13.6272271565417,9.30787736667861
2065-05-01,200.04921953125,230.67314161157,268.058639477912,538.381373559439,749.874867750033,629.196400199874,23.2030466439095,27.3838431880924,25.08378759677
2065-06-01,82.817188875,94.8958697727273,106.672693618474,88.6556230523792,84.4554338945312,276.081314538828,9.4157115000609,9.18996375915222,16.6156948256408
2065-07-01,123.407034835937,140.59173861157,159.183536730924,51.5942323639752,205.590295257213,623.743696790555,7.18291252654348,14.3384202497072,24.9748612967231
2065-08-01,91.535939640625,103.983059214876,109.725707518072,166.946608067828,340.284251009064,211.411044980541,12.9207820223014,18.4467951419498,14.5399809140363
2065-09-01,558.950015078125,662.663636157025,767.985944939759,2977.63190034073,3852.50379139059,1911.11337042859,54.5676818303722,62.0685410767048,43.7162826693737
2065-10-01,185.673438046875,223.46240285124,260.719683975904,696.098998529474,1489.02791626568,803.485197164567,26.3836881146187,38.5879244876643,28.345814455834
2065-11-01,57.710938765625,70.0867784586777,82.5457832168675,69.6165799618741,70.2161677369012,41.6459029749138,8.34365507208167,8.37950880045491,6.45336369461026
2065-12-01,88.626563609375,103.211570834711,118.428114269076,91.8280933398378,80.0321377959637,145.815027244349,9.58269760244149,8.94606828701658,12.075389320612
2066-01-01,102.582811773437,119.485124690083,136.340162502008,177.70877316311,59.1022681473701,120.688858459748,13.3307454091326,7.68779995495266,10.9858480992479
2066-02-01,79.955470421875,101.342562747934,117.616063289157,139.664388060942,81.2149620914303,134.235266431989,11.8179688635967,9.01193442560643,11.5859944084221
2066-03-01,91.6921880546875,108.711984479339,124.111246293173,105.329244749705,42.2646181497599,23.5600466996692,10.2630036904264,6.50112437581069,4.85386925036812
2066-04-01,93.763282296875,115.408679657025,135.829717502008,180.202522700151,167.721032249751,81.2406898825442,13.4239533186074,12.9507155111118,9.01336174146717
2066-05-01,92.764061609375,108.67437872314,127.941365650602,130.91745221192,205.272991045475,146.478970965628,11.441916457129,14.3273511524453,12.1028497043311
2066-06-01,86.3812501015625,98.1049595413223,110.952209321285,69.6319361062197,101.010666705059,342.815285469011,8.34457525019816,10.0504062955216,18.51527168229
2066-07-01,122.5390660625,137.474382417355,156.995182614458,88.0940322982609,296.61249283387,659.440552982361,9.38584211982393,17.2224415468269,25.6795746261958
2066-08-01,153.310938984375,171.748349545455,184.326508032129,201.511845490964,475.358212364352,504.435225708686,14.1954868000701,21.8027111241779,22.4596354758639
2066-09-01,131.696877296875,154.295449615702,167.817268192771,303.52641769807,465.68963408883,314.579345929905,17.4220095769136,21.5798432359651,17.7363848044043
2066-10-01,14.5851564453125,20.776859607438,22.5421687630522,12.9089901812384,16.2953097700436,33.5188198704062,3.59290831795614,4.03674494736088,5.7895440123041
2066-11-01,80.9906279375,96.6566121570248,115.138558927711,95.6907545862646,84.5731440051037,75.6305227261401,9.78216512773448,9.19636580422417,8.69658109409325
2066-12-01,126.6898434375,142.325206053719,162.603618554217,123.804403315505,122.177216383865,272.397269684121,11.1267427091447,11.0533803148116,16.5044621143532
2067-01-01,75.44140665625,90.118595768595,103.289560899598,114.085912432846,33.7443410090446,54.4938430914713,10.6811007126067,5.80898795049918,7.38199451987546
2067-02-01,124.19375190625,155.360746942149,182.197993453815,300.88277478473,187.038880995097,344.894922240068,17.3459728693645,13.6762158872656,18.5713468073823
2067-03-01,51.37968803125,62.3326474008264,71.7305234417671,44.4799017406594,17.727778522134,10.8027688829114,6.66932543370463,4.2104368564478,3.28675659015258
2067-04-01,68.919531765625,84.2830584917355,98.0004036064257,103.367593024395,91.3616469562122,44.7278725679257,10.1669854442895,9.55832866960601,6.68788999370696
2067-05-01,130.997659898437,153.102893979339,183.197593650602,305.621471210034,574.360160662462,550.074743475036,17.4820328111474,23.9658123305358,23.4536722812236
2067-06-01,115.214062757812,131.429752214876,146.533334546185,148.437118407707,122.555197452292,486.070884791195,12.1834772707839,11.070465096476,22.0470153261432
2067-07-01,77.87812615625,88.1066130578512,100.279118445783,56.3329097092664,174.654565227097,420.612145963783,7.50552527870411,13.215693898812,20.5088309263055
2067-08-01,303.167193359375,333.498766404959,366.375104819277,155.176108998158,730.097582870888,700.971849884806,12.4569702977152,27.0203179639117,26.4758729768219
2067-09-01,342.408590625,387.737201735537,421.144198313253,1310.88592051891,2418.18242410778,1900.88438999706,36.2061585993171,49.1750182929075,43.5991329041881
2067-10-01,128.600782328125,154.40992031405,178.045383293173,255.981508258797,608.40297740077,365.440693318054,15.9994221226517,24.6658261041622,19.116503166585
2067-11-01,131.170317234375,153.446282520661,180.835743373494,265.552519196021,312.222140575475,212.922745493748,16.2957822517368,17.6698087305855,14.5918725835222
2067-12-01,98.6960953671875,113.10206696281,131.47590811245,97.254877692124,100.693839995477,225.291429884222,9.86178876736488,10.0346320308957,15.009711185903
2068-01-01,51.8328137421875,65.1165290661157,75.7895572329317,78.0834948556456,33.6865179493008,39.7070660807037,8.83648656738896,5.80400878266916,6.30135430528261
2068-02-01,53.7695322734375,70.5694225578512,83.3285144417671,79.5509722366866,40.8980738284408,66.7179779416725,8.91913517313683,6.395160187864,8.16810736594913
2068-03-01,69.28593903125,82.1776870330579,94.131725184739,71.4691146489397,24.4193339013813,18.107491494602,8.45394077628532,4.94159224353662,4.25528982498278
2068-04-01,97.1664076171875,119.126451516529,143.573898305221,202.64480816406,276.876439497088,166.576428676202,14.2353366017127,16.6396045474972,12.9064491118278
2068-05-01,191.067973203125,219.67314322314,251.39197060241,485.907931782822,507.99206284123,326.55896218842,22.0433194365736,22.538679261244,18.0709424820185
2068-06-01,137.5109376875,157.179343677686,173.061045823293,202.086658788821,126.288151429786,557.195994582552,14.215718722204,11.2378001152266,23.604999355699
2068-07-01,79.3687508125,91.0053733140496,102.90281248996,23.4333456653792,91.4615870782758,276.099848712086,4.8408001059101,9.56355514849346,16.6162525471926
2068-08-01,400.591408515625,442.904550330579,498.957449156627,432.090100408744,1689.00337501849,1571.82443418309,20.7867770567913,41.09748623722,39.6462411103889
2068-09-01,289.70469375,341.683891942149,401.482735100402,452.037401118417,734.728888076676,723.182685423454,21.2611712075891,27.1058829053155,26.8920561769355
2068-10-01,152.754689296875,182.240496652893,218.799200401606,185.033200365057,527.740399075341,369.836564543766,13.602690923676,22.9726010515862,19.2311352900385
2068-11-01,150.147659765625,173.65083053719,204.286350281124,330.183065685048,384.87034712913,285.743643458355,18.1709401431255,19.618112731074,16.9039534860445
2068-12-01,61.9851558046875,75.4566122479339,87.5265070963855,63.0434583290189,64.8469630519862,85.7956982003949,7.93999107864857,8.05276120669092,9.26259673096022
2069-01-01,69.65781396875,84.880579553719,97.9907606666667,115.650331876913,43.7314371336614,64.3327899002555,10.7540844276448,6.61297490798668,8.02077240047712
2069-02-01,93.58984371875,118.764877152893,138.198796044177,189.728765223609,118.8044986736,200.798606977811,13.7742065188384,10.8997476426567,14.1703425144846
2069-03-01,160.192972304687,185.065701157025,212.200394618474,326.955206537794,104.757160932282,120.853591102122,18.0819027355473,10.2350945736853,10.9933430357704
2069-04-01,217.36250171875,262.279342355372,307.475504939759,796.752760728484,842.902870694515,371.651529500336,28.226809255183,29.0327895782427,19.2782657285435
2069-05-01,122.585941210938,141.188020326446,161.759439437751,197.459249567459,215.151234614009,143.132137303954,14.0520194124353,14.6680344495781,11.9637844056115
2069-06-01,108.414064054688,124.176448008264,140.358234064257,153.929900548868,169.986304935688,596.753332217964,12.4068489371342,13.0378796180855,24.4285352041002
2069-07-01,183.785157578125,208.031820619835,232.948595983936,121.877680078274,409.178421628622,1359.75560093228,11.0398224658857,20.2281591260456,36.8748640801872
2069-08-01,135.585939835937,153.743805082645,172.76626686747,32.915558616679,183.152521965953,151.843461350443,5.73720825983152,13.5333854584118,12.3224778900367
2069-09-01,277.919540234375,325.74587731405,372.049815863454,491.470388417702,736.940335659957,378.17299937446,22.1691314312875,27.1466450166491,19.4466706501257
2069-10-01,215.371097734375,256.547111239669,302.018081044177,508.823276554276,1322.59111502324,756.700673983946,22.5571114408356,36.367445813849,27.5081928520204
2069-11-01,154.778126953125,179.687606157025,213.362657991968,299.869775834253,319.466092850893,328.648568040723,17.3167484197887,17.873614431639,18.1286670232735
2069-12-01,79.918751515625,94.6752078057851,111.702408759036,77.5120978136368,89.3633747535876,172.840942960051,8.80409551365935,9.45322033772553,13.1468986061371
2070-01-01,96.373439578125,113.166942834711,130.120079538153,166.288970915252,52.5455278804136,113.281597813869,12.8953080969495,7.24882941449264,10.6433828181584
2070-02-01,110.216408867187,135.864047239669,157.384739028112,222.400603703116,144.0427879494,246.439305399459,14.9131017465555,12.0017826988077,15.6983854392564
2070-03-01,66.97343828125,80.5309942603306,93.9506057710843,70.4057350268939,28.3171081332811,32.0221038900841,8.39081253675077,5.32138216380679,5.65880763854755
2070-04-01,126.54531375,155.466116731405,186.970681485944,312.468353159125,416.122110092339,241.717782668524,17.6767743991693,20.3990713046535,15.5472757314111
2070-05-01,62.1273449453125,72.7595057024793,83.9381533012048,55.9034210701566,61.9976829272945,31.7790524753356,7.4768590377348,7.87386073837317,5.6372912356322
2070-06-01,139.164064023438,158.662812334711,177.180725582329,213.928906385217,171.910455372546,675.731477176319,14.6263087067523,13.1114627472508,25.9948355866376
2070-07-01,451.603129296875,500.170668140496,559.386758353414,756.561871847626,2609.5365336666,6048.30990753378,27.5056698127427,51.083622949695,77.7708808458139
2070-08-01,354.28907171875,392.225625743802,430.58675,280.446584971203,1094.34205993293,1185.62663057692,16.7465394924206,33.0808412821217,34.4329294509909
2070-09-01,274.157815234375,325.141740743802,379.430529879518,535.532145016318,797.705060987673,538.363035829955,23.1415674710318,28.2436729372735,23.2026514827499
2070-10-01,179.856247578125,216.65868053719,260.032531967871,245.403043471661,554.553370298486,466.857753105534,15.6653453033012,23.5489568834478,21.6068913336818
2070-11-01,81.03437415625,96.1971075371901,113.752212369478,94.9747261057289,100.723938681156,73.8742291446355,9.74549773514565,10.0361316592179,8.59501187577048
2070-12-01,61.441407484375,74.4884307727273,85.7831326546185,62.166085716478,61.535048900542,75.685922368068,7.88454727403407,7.84442788866989,8.69976565018093
2071-01-01,42.335156453125,54.0070249173554,63.5759035783133,59.186703805104,32.5420731926695,35.4082761373316,7.69328953082516,5.70456599511913,5.95048536989476
2071-02-01,167.945314210938,208.649998760331,242.981124859438,529.930149280899,370.649833502294,665.007815018515,23.0202117557788,19.2522682690195,25.7877454427198
2071-03-01,75.3953134921875,89.1644640661157,103.360241562249,85.4491334401147,36.870106121083,35.5890114750028,9.2438700466912,6.07207593176197,5.96565264451449
2071-04-01,95.5695329765625,117.623142710744,137.704820477912,184.964048357045,163.079203472296,74.6830350241867,13.6001488358417,12.7702468054574,8.64193468062486
2071-05-01,75.18281440625,87.4123986157025,101.239357172691,80.7069596290599,100.947030956827,59.5379420549792,8.98370522830418,10.0472399671167,7.71608333644597
2071-06-01,34.664844390625,40.8165292892562,46.7224905903614,19.9550507940234,29.239643433981,83.0607839184037,4.46710765417887,5.40736936356127,9.11376891951972
2071-07-01,51.4718755703125,58.7847121859504,66.2927722771084,12.2842451315498,43.2634550225132,124.211463826808,3.50488874738554,6.57749610585314,11.1450196871431
2071-08-01,123.388281976562,139.695456673554,149.74458513253,158.483780986317,372.34131306935,242.810325272537,12.5890341562138,19.296147622501,15.5823722607483
2071-09-01,129.273438539063,152.515290793388,170.83453746988,220.409679921107,306.043061667264,137.20532652293,14.8462008581693,17.4940864770717,11.7134677411487
2071-10-01,115.774219023437,139.520248904959,165.387549457831,120.443998874683,340.590135493105,229.308912258302,10.9746981222575,18.4550842721756,15.1429492589225
2071-11-01,69.7062510546875,85.1371911570248,102.379117678715,76.043756407217,65.9214098984814,57.5459781292437,8.72030712803265,8.11920007750033,7.58590654630307
2071-12-01,177.16875109375,193.054961404959,214.328116987952,229.498844856407,314.86068090903,392.805119118405,15.1492192820755,17.7443140444772,19.8193117720673
2072-01-01,93.9257835234375,110.264049681818,126.110441851406,155.429077421076,50.7199665115197,98.8598113418902,12.4671198526795,7.12179517478,9.9428271302427
2072-02-01,105.339845164062,133.265705173554,157.19678853012,232.437636776837,144.520063444529,279.465674643513,15.2459055741808,12.0216497804806,16.7172268825757
2072-03-01,75.4367211875,88.747521107438,101.863053289157,85.7146379745282,29.4869672437296,24.2437215395543,9.25822002193339,5.43019035059818,4.9237913785572
2072-04-01,99.5812495078125,121.807025954545,145.912052168675,213.746058108984,270.047717104215,146.803267748304,14.6200567067636,16.4331286462504,12.116239835374
2072-05-01,146.110155625,170.032645123967,196.205221526104,290.328203522124,323.957487176866,201.819448561369,17.0390200282212,17.9988190495062,14.2063172061365
2072-06-01,95.5906272734375,106.715702169421,115.582730248996,103.894737187877,48.9590697474847,103.325777347508,10.1928767866524,6.99707579975269,10.164928792053
2072-07-01,218.45000359375,248.283474504132,286.305624176707,340.425858708941,1170.51668775025,3588.57497843519,18.4506330164832,34.2128146715561,59.9047158280147
2072-08-01,206.742969453125,230.173143760331,248.841770240964,271.668615780759,742.531866048554,615.333838090904,16.4823728807705,27.2494379033505,24.8059234476547
2072-09-01,177.28672125,208.57397161157,236.754219116466,341.02564586129,476.713256060617,209.440099530699,18.46687970019,21.8337641294537,14.4720454508234
2072-10-01,135.78984465625,162.896696280992,193.942972771084,183.898593592457,523.116364027818,326.93434980618,13.5609215613268,22.8717372323971,18.0813259969002
2072-11-01,65.78203246875,79.1057859958678,92.366267939759,79.7929695219148,83.1551562904202,49.5524891213314,8.93269105711794,9.11894491103111,7.03935289080832
2072-12-01,163.385939375,179.472315413223,205.914059598394,152.193675828974,184.65831585253,498.903627813157,12.3366800975374,13.5889041446516,22.3361506937332
2073-01-01,206.352344609375,228.042564628099,257.2028137751,541.256901444167,176.622756129525,462.26982968831,23.2649285716541,13.2899494404428,21.5004611505965
2073-02-01,171.856252070313,211.17025231405,245.610445140562,518.941734206383,378.390605212735,670.820870532192,22.7802926716577,19.4522647836373,25.9002098549836
2073-03-01,51.0875001953125,62.9764466694215,72.6401620321285,39.6596846411453,20.5627246051084,10.474107470102,6.29759355953886,4.53461405249756,3.23637257899982
2073-04-01,80.274219453125,98.1528937024793,117.457832309237,133.106348060772,165.692717575169,88.2169545934919,11.5371724465214,12.872168332304,9.39238811982831
2073-05-01,117.265626507812,134.212399231405,156.914458080321,222.677904747043,365.611589191332,325.542852658215,14.9223960792844,19.1209724959619,18.042806119288
2073-06-01,90.62187528125,104.528100987603,118.335344240964,125.349455250626,143.484022637999,459.528689738665,11.1959570939972,11.9784816499421,21.4366202965548
2073-07-01,63.32812528125,71.4892571900826,80.5164675180723,15.2554255651636,59.7700067721053,164.025661233051,3.905819448613,7.73110643906196,12.8072503385017
2073-08-01,130.738281351563,148.29628438843,164.486751084337,45.1589189046179,184.178856444964,159.058007210208,6.72003860886364,13.5712511009473,12.6118201386718
2073-09-01,229.930469609375,268.243804958678,312.948581164659,188.640627584347,532.237435471101,509.891046862893,13.7346506174838,23.0702716817792,22.5807671894223
2073-10-01,133.282030101562,162.561160330579,194.310845502008,148.878640855136,317.618930482281,262.973553134973,12.2015835388336,17.8218666385506,16.2164593279474
2073-11-01,94.5234378046875,113.547519082645,133.04216373494,174.519590896668,205.938142129118,114.762748551916,13.2105863191862,14.3505450115708,10.7127376777328
2073-12-01,90.019531859375,106.369422904959,124.762246253012,95.6410860239083,96.9590894796897,197.457882771895,9.7796260676934,9.84678066576532,14.0519707789297
2074-01-01,107.49218996875,123.732232049587,142.428114417671,189.397900542102,71.3430991577053,187.610488520727,13.7621909789867,8.44648442594345,13.6970978137972
2074-02-01,59.45547003125,77.9363656033058,91.8506023373494,95.3154163770365,45.5901171958091,79.0706405389905,9.76296145526737,6.75204540830474,8.89216737016294
2074-03-01,39.8921871953125,50.3012404958678,57.9654638995984,34.9586806054504,13.2400453436059,7.6109831967429,5.91258662561914,3.63868731050168,2.75880104334164
2074-04-01,57.9234378515625,70.880166607438,84.2341379116466,60.8101455479685,74.626668969487,37.9466963594755,7.7980860182463,8.63867287084579,6.16008898957438
2074-05-01,209.08672109375,244.673144090909,281.771487108434,660.699540250945,689.935551145267,385.681419390288,25.7040763353003,26.2666242814959,19.6387733677612
2074-06-01,199.16797265625,226.654547768595,252.973896425703,427.429140109642,417.741724086963,1688.79878908989,20.6743594848702,20.4387309803462,41.0949971296981
2074-07-01,99.623438296875,112.691736983471,126.689560285141,36.7107820135543,138.248065242599,414.501872146329,6.05894231805802,11.7578937417634,20.3593190491806
2074-08-01,181.26562703125,198.975209958678,221.359041044177,63.6854354637171,299.074411360479,268.046155583311,7.98031549900861,17.2937679919814,16.3721151835464
2074-09-01,502.721099140625,593.487205909091,688.011263293173,2036.02808406191,2892.81454271304,1605.59516446029,45.1223678906804,53.7848913981709,40.0698785181623
2074-10-01,136.954686210937,166.042148140496,192.736145100402,270.167885991879,600.377369233775,375.341839578541,16.4367845393154,24.5025992342399,19.3737409804751
2074-11-01,104.350784804688,123.239258173554,143.142172638554,248.996980570644,322.590577381761,167.292156256891,15.7796381634892,17.9608067018651,12.9341469087409
2074-12-01,105.525000265625,120.54958857438,140.642171305221,121.966914748863,124.301834262049,289.438867998814,11.0438632166857,11.1490732467792,17.0129029856404
2075-01-01,83.725002328125,99.6822300495868,117.317672325301,171.963893574072,109.647390907087,182.465345576457,13.1135004317715,10.4712650098776,13.507973407453
2075-02-01,51.421093890625,67.9409105413223,80.4602421445783,76.8317729253333,36.4464931074265,60.8063680118113,8.76537351887148,6.03709310077512,7.79784380529716
2075-03-01,98.4375034609375,115.556197024793,133.018873232932,125.319999306923,52.977133600248,39.525570902813,11.1946415443695,7.27853924906969,6.286936527659
2075-04-01,122.876563484375,149.912810355372,175.455422289157,292.893021223723,276.012387869562,125.965375169844,17.1141175999151,16.613620552714,11.2234297418322
2075-05-01,224.93906609375,257.345047933884,293.750206586345,640.768918201363,665.161597889992,453.530068570298,25.3134137998288,25.7907269748255,21.2962454101726
2075-06-01,85.4929699296875,98.1297537768595,109.865865618474,97.7820883480372,93.1438612360726,405.995178529688,9.88848261099939,9.65110673633199,20.1493220364778
2075-07-01,160.036720507813,181.779754917355,210.646993212851,229.202174813857,734.796498253475,1976.1952962012,15.1394245205641,27.1071300261292,44.4544181853862
2075-08-01,325.803133203125,359.928103636364,391.314856706827,293.765853460485,1026.02927997935,1046.31105684037,17.1395989877385,32.0316918063869,32.3467317798935
2075-09-01,15.0648441328125,20.0247940909091,22.0538162851406,15.9139521017356,21.3963975039005,10.6793513171639,3.98922951229127,4.62562401237935,3.26792767930441
2075-10-01,114.187497851562,138.971902219008,162.414456706827,187.295945316022,381.93679573934,219.979064725586,13.685610885745,19.5432033131557,14.8316912294447
2075-11-01,148.886718515625,174.115704132231,203.317673373494,465.381259208642,612.908884191143,336.505683997529,21.5726970777564,24.7569966714693,18.3440912557022
2075-12-01,178.625783515625,197.918184628099,224.900805461847,213.685644432678,282.248022694337,498.014333945662,14.6179904375628,16.800238768968,22.3162347618424
2076-01-01,85.646876125,99.8466928305785,115.309639164659,129.60708963547,49.3158318285195,108.141987065154,11.384510952846,7.02252318105961,10.3991339574579
2076-02-01,81.2007810703125,102.816116971074,119.940162465863,143.628589337936,80.0620978799995,133.528470960177,11.9845145641338,8.94774261364281,11.5554520015522
2076-03-01,60.088281421875,71.9698354173554,83.9377502289157,60.4278087999368,31.9435334154018,28.8162950457305,7.77353258177624,5.65186105768727,5.36808113255849
2076-04-01,123.0382831875,149.542565603306,174.158237991968,296.95371312831,275.710849792642,129.785888539395,17.232344968933,16.6045430467882,11.3923609730115
2076-05-01,212.44218890625,249.155787603306,294.728520562249,679.996152065707,1066.98562687123,831.346950104555,26.0767358399342,32.664745933058,28.8330877656999
2076-06-01,70.7773435859375,81.8020669008264,91.9779136746988,65.974350845088,75.6699917342946,279.565780445053,8.12245965487598,8.69885002366948,16.7202207056322
2076-07-01,159.567189765625,178.589672438017,202.154219919679,121.113286114484,406.599380973667,961.65869354799,11.0051481641314,20.1643095833621,31.0106222696029
2076-08-01,245.6234434375,271.537606776859,297.97068811245,127.024938786536,493.760007663006,465.481495260377,11.2705340949991,22.2207112321592,21.5750201682496
2076-09-01,343.370320234375,405.294230578512,472.068284257028,593.749671199479,1094.18067522376,786.919299612925,24.3669791151771,33.0784019448304,28.0520819122739
2076-10-01,39.52109384375,50.8227286859504,59.5562259598394,30.7386874013313,41.9584383836357,34.5881174900036,5.54424813670269,6.47753335642787,5.88116633755615
2076-11-01,119.520314351563,137.91900811157,162.12209062249,188.192685605336,217.532300300427,197.631288992415,13.7183339223586,14.7489762458425,14.0581395992647
2076-12-01,117.1570328125,132.722314826446,152.818474429719,110.835836454092,112.856505469547,260.023913533078,10.5278600130364,10.6233942537,16.1252570067295
2077-01-01,162.911719804687,181.588845,208.12450060241,360.21110740735,115.919167639051,358.569268268045,18.9792283143269,10.7665764121679,18.9359253343491
2077-02-01,49.795313890625,65.2727279421488,76.8534122208835,66.8465838517304,34.6693630607492,59.8546785320051,8.17597601829472,5.88806955298163,7.7365805451766
2077-03-01,167.402346875,190.840085371901,220.975099759036,377.154847008111,129.992294304865,238.432600091052,19.4204749429078,11.4014163288981,15.4412629046672
2077-04-01,152.372657492187,187.059508264463,223.335346385542,429.277184335268,515.976445300903,268.047703006733,20.719005389624,22.7151149083799,16.3721624413739
2077-05-01,198.79375046875,229.851658801653,265.692374056225,525.357654132171,649.889505548457,395.224167134935,22.9206817990253,25.4929305013852,19.8802456507694
2077-06-01,63.8218758125,73.8888437479339,84.9216879919679,52.0369977074838,84.4016588531421,284.135606563398,7.21366742423601,9.18703754499469,16.8563224507423
2077-07-01,114.077347257813,127.745868367769,138.013656016064,59.1216193513702,132.380251852598,320.576975711323,7.68905841773687,11.5056617303221,17.9046635185173
2077-08-01,313.854695234375,347.032650867769,375.623699477912,436.618465253899,1285.28823157228,1281.14677300594,20.8954173266269,35.8509167466088,35.7931106919465
2077-09-01,57.539844859375,70.0371911487603,81.2726904658634,32.2707629303972,41.2161216376346,18.8317672974025,5.68073612574965,6.41997832065145,4.33955842193679
2077-10-01,92.270313359375,110.92025164876,132.032529261044,83.5035269514517,223.835372453639,139.306532128886,9.13802642540782,14.961128715897,11.8028188213191
2077-11-01,32.4726560546875,41.0599182727273,48.9056241967872,22.6575902386519,17.0560294636813,11.5698773457215,4.7599989746482,4.1298946068491,3.4014522406939
2077-12-01,79.6851561484375,93.198761731405,108.527713337349,71.5688474810886,81.6908140131164,154.800563645101,8.45983732001323,9.03829707484305,12.4418874631264
2078-01-01,49.68046875,62.9578518842975,73.1578307188755,74.7176461675264,32.0298274481337,34.6961374499578,8.64393695994634,5.65949003428168,5.89034272771609
2078-02-01,47.5375003984375,62.5619847479339,73.7433747751004,63.7733707667392,32.2240247022037,52.0456839378942,7.98582311141057,5.67662088765876,7.21426946668158
2078-03-01,34.028906296875,40.2652894669421,47.0582335140562,21.8730977175502,14.8554656236318,15.3497031782475,4.67686836649806,3.85427887206307,3.91786972451197
2078-04-01,176.245314375,212.611160454545,252.879922771084,550.059838565031,698.597914628787,383.055465029656,23.4533545269122,26.4310029062233,19.5718028047918
2078-05-01,53.0890628046875,61.9574394917355,70.9702814176707,42.6888597366434,41.7798030761926,21.1493427333251,6.53367122961077,6.46372981150919,4.59884145555433
2078-06-01,132.205470632813,150.446280958678,170.624096859438,208.966360825554,278.51675265997,851.292421789641,14.4556688128067,16.6888211884474,29.1769159060659
2078-07-01,118.621095148438,135.84545442562,154.608837036145,78.98699985618,275.492187161261,997.509305497741,8.88746307200092,16.5979573189372,31.5833707114637
2078-08-01,134.156251875,150.191323842975,162.055424337349,112.840886511854,273.707433314128,225.639180143514,10.6226591073918,16.5441056970188,15.0212908947106
2078-09-01,165.952348671875,195.953720578512,226.57349746988,225.5489873617,318.191227029459,171.533098316104,15.0182884298345,17.8379154339698,13.0970644923244
2078-10-01,66.0148448359375,81.4962823966942,95.104420437751,69.2376551192906,143.656822762766,98.0079460721012,8.32091672349211,11.9856924189955,9.89989626572426
2078-11-01,123.527346078125,143.542977103306,168.162650361446,249.596017130611,307.79140985077,188.344725581374,15.7986080757328,17.5439850048605,13.7238742919546
2078-12-01,128.976563601563,145.462812123967,165.236546746988,144.159133622995,128.019979063079,260.523998659328,12.0066287367852,11.3145914227196,16.1407558267675
2079-01-01,97.0804712421875,113.268596322314,129.314858807229,158.885185398007,52.1267134050294,103.851513921663,12.6049666956326,7.21988319884951,10.1907562978252
2079-02-01,67.1031226328125,84.7582635123967,98.6506029317269,96.8332138291078,51.057383733137,84.4047805689409,9.8403868739551,7.1454449639709,9.18720744127076
2079-03-01,88.0062498671875,102.575206194215,119.353011024096,113.329871359183,42.7330741870377,65.0059800113459,10.6456503492827,6.53705393790182,8.0626286043291
2079-04-01,105.728125039063,130.450001165289,153.565064682731,223.100243640383,208.724265497192,102.133885336354,14.9365405512917,14.4472926701577,10.1061310765473
2079-05-01,192.357032734375,221.69752338843,255.452614096386,495.474230804899,592.131812671026,405.790787998074,22.2592504546963,24.3337587041342,20.1442495019813
2079-06-01,66.1945324609375,76.4359511198347,83.3562256425703,58.9970642344269,28.999728832845,119.120477177457,7.68095464342987,5.38513962983737,10.9142327800655
2079-07-01,64.1984376328125,74.0537199958678,85.095985562249,31.4979389807505,109.929648737848,332.575585025002,5.61230246696937,10.4847340804547,18.236654984536
2079-08-01,132.47187615625,150.502894115702,161.269077630522,202.259679304949,438.208844249981,458.194466193441,14.2218029554958,20.9334384239661,21.4054774810898
2079-09-01,295.182815390625,349.887610909091,401.533735461847,723.415110490561,985.689834115751,436.134617209748,26.8963772744688,31.395697700732,20.8838362665902
2079-10-01,133.382813914062,161.805785702479,194.957834698795,175.792345586831,418.048934428343,311.625599926578,13.2586705814282,20.4462449958016,17.6529204361935
2079-11-01,107.082813351562,127.730582326446,153.061851168675,150.306609731161,133.331964099581,135.761116734199,12.2599596137655,11.5469460940796,11.6516572526915
2079-12-01,154.360160351563,168.473554917355,190.414458032129,158.304791186811,124.59365478496,320.85208213065,12.5819231911028,11.1621527845197,17.9123444063207
2080-01-01,119.911721835937,136.63512542562,157.177111164659,220.96135866165,72.326254505025,197.646839513073,14.8647690416518,8.50448437619971,14.0586926672815
2080-02-01,54.4593764453125,69.8218999876033,81.6530145823293,72.9976963230909,31.0431194195705,49.240186923675,8.54386893175983,5.57163525543179,7.01713523623958
2080-03-01,77.06484271875,90.1487609421488,104.918075586345,96.2211792944641,37.3739022285297,50.0135118953186,9.80923948603887,6.11341984723196,7.07202318260614
2080-04-01,153.108595484375,187.251655826446,219.637752610442,474.715522543859,448.976854379816,205.901885267758,21.7879673798145,21.1890739387028,14.349281698669
2080-05-01,261.19062734375,297.995870247934,339.170288313253,846.875449162714,864.414342941117,586.082450180792,29.1011245343322,29.400924185153,24.2091398067092
2080-06-01,133.1421891875,150.42355538843,167.879921767068,191.856037043152,182.167512127738,550.755780368146,13.8512106706653,13.49694454785,23.4681865590025
2080-07-01,188.810152109375,214.247107479339,242.95060188755,166.746276280815,605.890576167292,1836.63442905997,12.9130273863574,24.6148446301676,42.8559730849734
2080-08-01,50.1976567578125,60.1966952024793,66.3706838915663,28.264801744732,54.4389097740866,37.6874006019509,5.31646515503788,7.37827281781357,6.13900648329604
2080-09-01,65.8882810546875,79.7425625330578,90.477108502008,64.0169360841853,77.64726650978,25.1468499454012,8.00105843524376,8.81176863687308,5.01466349273819
2080-10-01,204.071880234375,245.836373553719,287.347808313253,622.865189100216,1207.06161060415,665.391771383977,24.9572672602634,34.7427922108191,25.795188919331
2080-11-01,119.638279890625,143.897934433884,170.525301646586,272.653909324501,319.094378985611,196.038462906923,16.5122351401771,17.8632130084599,14.0013736078616
2080-12-01,103.589064632812,118.540495859504,137.865864457831,98.0227412384284,110.426390502391,258.409350068059,9.90064347597814,10.5083961907796,16.0751158648409
2081-01-01,82.4031264921875,98.0822320867769,112.863856767068,134.541906420566,44.9593042179213,86.2171362936484,11.5992200781159,6.70516996189666,9.28531831945725
2081-02-01,187.704690390625,231.462398264463,268.582735261044,633.519142630402,481.003662848845,854.087208332173,25.1698061699013,21.9317957050681,29.2247704581605
2081-03-01,110.17500359375,125.439256342975,143.296786385542,169.712407497686,48.0108458845796,63.0033336892194,13.0273714730826,6.92898592036235,7.93746393309724
2081-04-01,67.350782359375,82.3801667603306,96.8012061285141,80.2506985027912,77.6289881340818,33.4684236127923,8.95827542012363,8.81073141879162,5.78519002391385
2081-05-01,104.075002601563,117.585952545455,132.848194578313,131.946768507502,126.169208404609,96.9321690813895,11.4868084561162,11.2325067729608,9.8454136064154
2081-06-01,26.546094234375,31.4896703057851,36.634538939759,15.3558918532256,26.9747872264559,62.713476474796,3.91865944593628,5.19372575579958,7.91918407885535
2081-07-01,192.147657734375,215.944218099174,249.175504819277,310.333549943172,978.7143057672,2143.23963939758,17.6162864969656,31.2844099475633,46.2951362391081
2081-08-01,341.025783984375,379.434304710744,414.01928497992,399.38516932167,1305.04521383943,1373.7705991388,19.9846233219861,36.1254095317884,37.0644114905229
2081-09-01,479.658610859375,560.941334628099,650.378703012048,881.079924034094,1947.79026998808,1594.55025063639,29.6829904833407,44.1337769739695,39.9318200265952
2081-10-01,148.32344125,178.919834586777,208.400003815261,337.558216165466,711.149661861519,389.75004086313,18.3727574458889,26.6673894834406,19.7420880573239
2081-11-01,64.736719,75.7363644876033,88.5261075421687,74.235570012028,90.7056600515863,56.6255297946668,8.61600661629435,9.52395191354861,7.52499367406158
2081-12-01,124.292968179688,138.050827586777,157.816066650602,108.730577002037,108.159171742244,255.244440989806,10.4273955042492,10.3999601798393,15.9763713336228
2082-01-01,99.8804689140625,116.465292876033,131.772691289157,173.389811622874,59.9040854721532,88.304811231327,13.1677565144133,7.73977295998747,9.39706396867271
2082-02-01,67.345313390625,86.349586214876,100.455022389558,106.199017837569,58.9121562347629,99.363098113081,10.3052907691908,7.67542547581324,9.96810403803457
2082-03-01,115.458590265625,135.599172595041,159.044582409639,191.776391931893,98.5885144778214,130.65870807185,13.8483353487664,9.92917491425252,11.4306040116806
2082-04-01,36.7101566640625,45.2487613181818,53.976306253012,27.4199702425101,33.7415203186423,18.2997189813859,5.23640814323235,5.80874515869325,4.27781708133785
2082-05-01,72.8242186171875,82.5491743016529,93.9682751807229,68.2303345677178,75.5100023382361,62.7128241694822,8.26016552907493,8.6896491493176,7.91914289361432
2082-06-01,128.580469367188,147.035952128099,162.744180080321,203.935908158796,151.832924309466,511.355006177532,14.2806130176122,12.3220503289617,22.6131600219326
2082-07-01,38.4804689609375,45.4144633264463,52.1939771927711,7.24993209866079,28.1970074304995,71.5703236238885,2.69256979457558,5.31008544474564,8.45992456372328
2082-08-01,342.6132775,383.707855413223,416.713262650602,681.887947218671,1865.20658819492,1633.70199530508,26.1129842648953,43.1880375589691,40.4190795949769
2082-09-01,91.4296882890625,111.196281272727,123.811647522088,243.560701125249,344.878871488012,154.923417885814,15.6064314026381,18.5709146648196,12.4468236062786
2082-10-01,82.528908484375,99.1305823595041,117.49919946988,58.9537325759464,168.784781301576,105.555850576771,7.67813340441193,12.9917197207135,10.2740376958998
2082-11-01,97.8085932734375,117.964461202479,142.880725092369,119.70253577904,101.562946390621,132.297065408284,10.9408654035702,10.0778443325257,11.5020461400694
2082-12-01,81.0812508671875,95.3975222024793,109.957429823293,82.7021250800801,81.2844811654279,131.482415850224,9.09407087503061,9.01579065669939,11.4665782101822
2083-01-01,85.7195321484375,100.17603153719,114.883133987952,126.636396645587,43.9577688278303,87.7468908084208,11.2532838160951,6.63006552213704,9.36733103975838
2083-02-01,167.306253117188,210.030171115702,245.251004136546,541.884370297945,414.721503254651,777.716987693602,23.2784099606899,20.3647122065265,27.8875776591227
2083-03-01,33.437501375,41.4495864710744,48.1401611927711,22.6374825984314,9.35960538430833,5.92886284505102,4.75788635829308,3.05934721538898,2.43492563439852
2083-04-01,210.45703234375,257.007441115702,303.983536746988,861.581509243546,899.024099039275,423.898060594611,29.3527087207219,29.9837305724167,20.588784825594
2083-05-01,52.5132815546875,59.6665305454545,67.266667502008,34.8561283877135,31.698666005563,22.4136787169438,5.90390789119491,5.63015683667542,4.73430868416328
2083-06-01,43.756251296875,50.8884312396694,56.9666675180723,27.2027963726419,23.2954686748442,87.1492490389853,5.21563000726105,4.82653795953623,9.33537621303958
2083-07-01,165.1093765625,186.030995909091,211.865063253012,134.217848143804,479.007339109585,1278.53987565542,11.5852426881703,21.8862362938351,35.7566759592586
2083-08-01,149.948438828125,170.838432231405,184.640563172691,222.225541409812,506.827399523758,430.453473607529,14.9072311785191,22.5128274440097,20.7473726916814
2083-09-01,185.301563359375,217.91860177686,247.126511084337,335.117460639093,479.746403251986,216.917179997983,18.3062137166344,21.9031140081037,14.7281085003466
2083-10-01,229.253909453125,273.009099049587,325.242569558233,413.46869485598,1204.10123581029,834.429044937422,20.3339296461845,34.700161898906,28.8864855068494
2083-11-01,47.57812675,57.3661170123967,68.2534138032129,35.4985718692987,28.4603418358778,25.7993674372945,5.95806779663497,5.33482350559771,5.07930777146793
2083-12-01,130.6242195,145.967767520661,168.869077028112,114.291161904293,156.030398279509,399.758143132152,10.6907044624895,12.4912128426149,19.993952664047
2084-01-01,58.98671859375,73.6033086652893,84.8120476907631,97.1682468090407,37.544311628115,44.7108030832661,9.85739553883483,6.12734131806896,6.68661372319847
2084-02-01,121.948438523438,155.261160867769,180.305625863454,327.028169858457,235.672406939078,392.088000609353,18.0839202016172,15.3516255471229,19.8012120994992
2084-03-01,81.867969390625,96.3380162727273,111.088754686747,93.7599822892204,34.5573000010612,32.591803084668,9.68297383499617,5.87854573862117,5.70892311076862
2084-04-01,87.400782234375,106.900002636364,126.848998196787,144.897084951809,157.813186606667,76.7553270774719,12.0373205054866,12.5623718543381,8.7610117610623
2084-05-01,91.021875421875,105.280166975207,122.004419096386,113.73785047121,146.768643883741,97.3606860945102,10.664794909946,12.1148109305817,9.86715187348964
2084-06-01,84.8335960234375,96.592152214876,107.436147823293,93.4625566246164,81.0243913094576,245.468393625774,9.66760345818013,9.00135497075066,15.667430983597
2084-07-01,49.7460946328125,57.1115715454545,65.9751015261044,18.6407745390425,64.5748871072263,159.433897786435,4.31749632762351,8.03585011726988,12.6267136574183
2084-08-01,46.8007820390625,53.7578520330579,55.7104426184739,76.3493679473822,137.593240561952,110.157552906367,8.73781253789427,11.7300145166983,10.4955968342142
2084-09-01,185.67656515625,217.836366859504,250.852209879518,185.730325019309,291.941820436953,183.937976072833,13.628291346288,17.0863050551298,13.5623735412661
2084-10-01,195.156251953125,234.643805867769,280.889562811245,391.577090534577,982.56871236998,661.052829295679,19.7883069143011,31.3459520890653,25.710947654563
2084-11-01,108.231251546875,123.475209247934,145.434139763052,144.782625019138,168.711407622091,166.52163194963,12.0325651886511,12.9888955505112,12.9043260943619
2084-12-01,171.426567109375,187.838018140496,214.414060963855,166.715511922892,279.218200607311,543.741880710242,12.9118361174115,16.7098234762463,23.3182735362257
2085-01-01,53.52812525,66.1371916859504,76.3148572128514,73.1861103795452,33.5112175228544,41.7984165369137,8.55488809859867,5.78888741666776,6.46516949019233
2085-02-01,101.289843382813,128.450416,149.129721991968,221.150697679724,145.46712324127,242.095706083957,14.8711363950347,12.0609752193291,15.5594249920734
2085-03-01,124.6570324375,142.776868657025,164.290767269076,215.568744886233,65.3558042149004,104.06089926002,14.6822595293175,8.08429367445916,10.2010244220872
2085-04-01,131.528909617188,161.092150710744,188.420884538153,345.31523228479,315.297204481729,150.649685222656,18.5826594513484,17.7566101630274,12.2739433444454
2085-05-01,155.60937828125,183.633061198347,220.050600883534,387.276968016862,714.698645841007,573.483882290993,19.6793538516096,26.7338483170868,23.9475235106053
2085-06-01,80.8507831328125,91.3371887892562,100.389558405622,78.4923067244369,46.8036763574544,115.644775522226,8.85958840603992,6.84132124355043,10.7538260875944
2085-07-01,163.650783828125,185.838432396694,211.909643694779,118.303808396622,410.51415176825,1314.28728550344,10.8767554167878,20.2611488264671,36.2531003571204
2085-08-01,132.1335958125,146.213638409091,161.661447791165,35.5236673034659,134.725174563927,146.497297540639,5.96017342897553,11.6071174097588,12.1036067988282
2085-09-01,128.5609385,154.104134260331,177.819278192771,188.32745308115,232.135326144176,90.6401136270237,13.7232449909323,15.235987862432,9.52051015581748
2085-10-01,80.8570317890625,98.0066137355372,112.721286582329,123.563584603216,282.753964947585,177.80970631487,11.1159158238634,16.8152896183083,13.33453059972
2085-11-01,91.535937765625,108.307854355372,126.421280522088,176.782791476094,228.748313011705,118.883400716685,13.2959689934993,15.1244276920386,10.9033664854798
2085-12-01,76.471094921875,89.5747949008264,102.414859787149,75.2713601019628,65.2148425972019,94.9487478310556,8.67590687490148,8.07557072888362,9.74416480931309
2086-01-01,112.01484465625,128.658264152893,145.50562215261,199.486978839699,73.3968967503587,130.67787218591,14.1239859402259,8.56719888588789,11.4314422618456
2086-02-01,142.638281765625,173.457028760331,201.925708835341,343.599194056952,221.619204997487,384.226131253861,18.5364288377495,14.8868802976812,19.6016869491853
2086-03-01,9.6968751984375,12.4549588966942,14.6859440040161,2.5760528522739,2.51227840315862,1.52710007183608,1.60500867669739,1.58501684633275,1.23575890522225
2086-04-01,173.1593784375,212.497939214876,249.871491445783,601.380498029635,554.20514158635,234.963881324072,24.5230605355375,23.5415620039612,15.328531610173
2086-05-01,188.241408203125,220.261571033058,255.948593453815,468.89202556061,590.640469966659,341.688691485693,21.6539147860291,24.303095892636,18.4848232743971
2086-06-01,132.3156260625,148.850827458678,165.851005080321,233.570602377628,195.012076656601,525.815648237876,15.2830167956993,13.9646724507452,22.9306704707445
2086-07-01,96.9726573828125,109.262397628099,124.567470325301,49.8898816520466,197.50346337313,658.871069122016,7.06327697687459,14.0535925433011,25.6684839661795
2086-08-01,322.37187671875,361.025620413223,394.297193012048,460.142799987679,1273.66114160162,1229.96937557342,21.4509393730829,35.6883894509351,35.0709192290909
2086-09-01,219.030467890625,251.252068801653,285.624100240964,183.570073973277,408.334077399707,336.867019425347,13.548803414814,20.2072778324966,18.3539374365651
2086-10-01,95.53828146875,115.94008164876,138.159839433735,74.9181024420367,187.729361415269,143.95153592712,8.65552438862237,13.701436472694,11.9979804936964
2086-11-01,99.5109384609375,114.992976483471,137.438559594378,94.5809714662629,84.9990144415132,155.420690626173,9.72527487869947,9.21949100772452,12.4667834915897
2086-12-01,55.204687765625,68.2735549173554,80.8357417550201,61.8902146628614,71.232911461193,100.545651526692,7.8670334092885,8.43995920968775,10.0272454605785
2087-01-01,93.7773444609375,110.959918871901,126.331728759036,158.784936818919,44.5255587152591,69.719556117729,12.6009895174514,6.67274746377076,8.34982371776369
2087-02-01,91.0031262265625,112.428099884298,129.551808136546,161.721407817493,102.886414199856,146.415214132876,12.7169732176133,10.1432940507439,12.1002154581179
2087-03-01,110.7156285625,128.459094429752,148.565862104418,168.889253481569,56.5653003258912,73.8595821808458,12.9957398204785,7.52099064790611,8.59415977166155
2087-04-01,117.277345664062,141.762811971074,165.906026546185,248.220559549449,257.141187054894,108.312495655298,15.7550169644291,16.0356224405195,10.4073289395165
2087-05-01,95.3414081640625,108.469425301653,125.596388052209,133.573670543223,189.400474340506,181.186539977875,11.5574076047885,13.7622844884309,13.4605549654491
2087-06-01,122.707034265625,141.296284578512,160.800004759036,224.297556291747,273.575189957548,897.854802731564,14.9765669060618,16.5401085231491,29.9642253818043
2087-07-01,239.623440703125,269.566944834711,303.594783815261,305.28953748272,1053.90524658188,3353.1011387143,17.4725366642259,32.4639068286903,57.9059680750983
2087-08-01,150.318752109375,168.86611785124,187.368676064257,45.163105999042,194.031363327879,211.696781701505,6.72035013961639,13.9295141095402,14.5498034935701
2087-09-01,531.201565078125,612.934722809917,678.645800401606,3996.39745168986,6512.9793578236,3789.73804394014,63.2170661426949,80.7030318998214,61.5608483042603
2087-10-01,114.335941429687,139.770249838843,164.567872899598,227.957140169707,482.149973795758,273.394583094934,15.0982495730368,21.9579136940593,16.5346479579982
2087-11-01,21.1781248671875,27.8528921239669,32.7297199317269,15.9944786413915,13.3467375253984,8.32056484230094,3.99930977062186,3.65331870022291,2.88453893062669
2087-12-01,78.2156261875,92.5041343305785,105.245782967871,79.3536227878258,73.3466296571773,85.0192519405388,8.9080650417375,8.56426468864533,9.22058848124884
2088-01-01,102.428906601563,117.234711078512,134.251405638554,164.558773192753,50.9491385607447,117.378478251766,12.8280463513644,7.1378665272436,10.8341348640196
2088-02-01,83.9296891171875,104.09669661157,120.498797437751,137.320367245795,78.859559316289,130.666100595673,11.7183773298949,8.88029049729168,11.4309273725133
2088-03-01,109.589061132813,126.921487619835,147.207628638554,150.577387195892,72.150080144899,80.4401408951605,12.270997807672,8.49412032790324,8.96884278461611
2088-04-01,162.609375859375,197.767772231405,235.125307309237,480.13417957438,565.083234912008,286.755605425513,21.9119643020515,23.7714794430639,16.9338597320727
2088-05-01,175.001563125,200.738016446281,231.918075421687,402.409105033551,515.013584977099,426.031691776346,20.0601372137269,22.693910746654,20.6405351620627
2088-06-01,68.235157546875,79.0867787975207,90.1361472690763,78.1986847071314,101.101824484484,256.923533325684,8.84300201894873,10.0549403023829,16.0288344344086
2088-07-01,140.918751375,160.222731285124,180.956227349398,123.573000363911,419.102052471726,1127.76071589047,11.1163393418837,20.4719821334361,33.5821487682143
2088-08-01,182.4781271875,203.247938057851,217.822493253012,279.699207214693,645.64402395079,659.400110553918,16.7242102119859,25.4095262441233,25.6787871706184
2088-09-01,351.35625453125,411.597112190083,479.056640040161,891.899343549538,1357.93902316159,961.165971083628,29.8646838849759,36.8502241941835,31.0026768373898
2088-10-01,167.379692265625,197.988429793388,237.930926666667,188.900035592887,668.678085143429,481.595338886385,13.7440909336663,25.8588105902694,21.9452805606669
2088-11-01,169.451560625,192.636362892562,226.735744658635,380.584313671488,467.587332295187,394.49291942576,19.508570262105,21.623767763625,19.8618458212161
2088-12-01,113.060158820312,127.904547190083,146.87148773494,119.223189665333,105.801737807455,233.942340029259,10.91893720402,10.2859971712739,15.295173749561
2089-01-01,109.197658226562,125.235950842975,142.82690635743,183.910646526531,55.1921965383723,124.451198668467,13.5613659535657,7.42914507452724,11.1557697479137
2089-02-01,138.04375175,170.504544669421,198.532529196787,350.425927322917,228.173786596494,386.888840931542,18.7196668592931,15.1054224236363,19.6694901034964
2089-03-01,49.6187513984375,60.8396692066116,69.9927733694779,44.1273717172338,15.3364180534656,9.32665050801564,6.64284364690558,3.91617390490585,3.0539565334195
2089-04-01,127.386721273438,154.718597070248,180.704419236948,328.387531934363,308.165822999485,140.828812351406,18.1214660536713,17.5546524602307,11.8671315974589
2089-05-01,83.765626078125,96.8078522727273,110.022087967871,95.442592114092,89.0173861449177,49.0047024423655,9.7694724583312,9.43490255089673,7.00033588068212
2089-06-01,79.8359368515625,91.9880180702479,102.370282108434,87.606266208415,60.5019911239846,216.538436442296,9.35982191114847,7.77830258629636,14.7152450350749
2089-07-01,99.771094578125,111.892977454545,124.51928073494,29.2926153165805,100.27468259876,285.518250433364,5.41226526664949,10.0137247115526,16.8972852977443
2089-08-01,170.6945325,194.009507644628,209.98675124498,253.826388784573,598.857091362538,522.899313795138,15.9319298512319,24.4715567825698,22.8669917959302
2089-09-01,266.303909296875,310.693391818182,350.041368313253,455.833013873167,750.953252392488,484.242260835617,21.350246225118,27.4035262766033,22.0055052392718
2089-10-01,165.578909375,199.275623347107,233.750204538153,462.992403242214,1046.76595051662,548.932454800906,21.5172582649884,32.3537625403386,23.4293076039585
2089-11-01,81.7289071796875,97.8632238842975,114.678319522088,131.391348508677,147.886810535293,82.4262524326224,11.4626065320536,12.1608721124471,9.0788904846695
2089-12-01,174.139845,189.121074958678,216.142576345382,152.849527103584,210.859079862343,570.500690236059,12.3632328742762,14.5209875649813,23.8851562740556
2090-01-01,134.122659054687,150.968597933884,173.446185220884,263.649207510386,84.0871689639741,224.679320501834,16.2372783282909,9.1699056136895,14.9893068719616
2090-02-01,102.02890646875,125.644628227273,146.688353542169,189.712625159528,111.296113062962,193.035925110732,13.7736206263832,10.5496972972196,13.8937369023144
2090-03-01,151.198438390625,174.552068801653,202.412453012048,299.072765255751,101.380476984714,167.616014861973,17.2937203994904,10.0687872648455,12.9466603748601
2090-04-01,165.399220625,202.465704173554,239.177512971888,563.53589669496,558.183507347435,257.886913569002,23.7389110258866,23.6259075454772,16.058857791543
2090-05-01,245.5062515625,283.771903801653,327.902815100402,790.005704075049,962.072880199844,655.049492084176,28.1070401158686,31.017299692266,25.5939346737499
2090-06-01,47.319531921875,54.4768608471074,60.5465872208835,30.6915080135146,21.1349855869995,64.7616025503406,5.53999169796441,4.59728023803199,8.04745938482081
2090-07-01,143.090626492188,161.364876942149,180.512451927711,73.7767837180341,261.221107816431,793.352377977634,8.58934128545572,16.1623360878442,28.166511640202
2090-08-01,211.39062875,236.966117809917,260.285545582329,115.942415945014,436.865381715147,565.333725832367,10.7676560097829,20.901324879422,23.7767475873461
2090-09-01,440.617987578125,498.344624380165,549.19117497992,1047.91135506667,2256.81147333373,2217.83400063034,32.3714589579567,47.5059098779692,47.0938849600491
2090-10-01,168.45000453125,200.552895867769,227.640561807229,654.945418913623,1549.75360673307,859.967300815702,25.5919014321645,39.366910048073,29.3251990754658
2090-11-01,95.7750031796875,112.977274140496,136.350201329317,95.4924453524071,71.923161087786,141.915854788031,9.77202360580484,8.48075238925097,11.9128441099525
2090-12-01,151.524218554688,166.28347285124,189.765466064257,133.995546111119,159.435906566651,402.353973300371,11.5756445224929,12.6267932020229,20.0587630052397
2091-01-01,162.453123703125,181.430167561983,205.656226787149,352.324867028805,112.323458399406,295.088188494422,18.7703187780284,10.5982761994301,17.1781311118067
2091-02-01,86.55468615625,110.774379194215,129.363855746988,167.071476141111,104.098136034014,187.775335378535,12.925613182403,10.2028494075927,13.7031140759513
2091-03-01,88.3875024609375,104.069010657025,120.820885879518,115.816210444707,60.224571365479,60.7263692961463,10.761794016088,7.76044917292027,7.7927125762565
2091-04-01,36.498438125,45.1623979049587,53.7530123493976,22.7007932846504,27.6496641724243,15.2704853815087,4.76453494946258,5.25829479702539,3.90774684204449
2091-05-01,124.042186007813,146.579338876033,172.610043333333,229.57329029785,328.373374520288,205.838881894367,15.1516761547312,18.1210754239446,14.347086181325
2091-06-01,95.9304691328125,109.904544772727,119.18032097992,115.857406257423,51.630735838625,174.498221097235,10.7637078303632,7.18545307121444,13.2097774809887
2091-07-01,156.3500021875,175.774796735537,201.846188353414,131.422697716595,473.205027437899,1070.27423937256,11.4639739059628,21.7532762460715,32.715046070158
2091-08-01,399.002352265625,439.546285123967,487.281135903614,298.222669730709,1301.63381192714,1397.78846734075,17.2691247528851,36.0781625353502,37.3870093393514
2091-09-01,139.36797253125,155.859089752066,171.078322409639,59.4316365424705,180.967984855223,248.818500324547,7.70919169190068,13.4524341609696,15.7739817523841
2091-10-01,233.3570359375,279.364875826446,329.437349477912,779.791528468191,1805.8777015802,1036.77196873061,27.924747599006,42.4956197928705,32.1989435965003
2091-11-01,160.898437421875,190.458682396694,229.456222128514,317.577364626024,307.072934137589,358.538525512484,17.8207004527326,17.523496629885,18.9351135595349
2091-12-01,100.678126460938,115.394629177686,132.443775136546,93.5084889227293,87.2117014246687,161.15060231952,9.6699787446886,9.33872054537819,12.6945107160347
2092-01-01,134.316408234375,153.469837768595,173.771087349398,266.162336253128,80.7491034608224,134.810447462188,16.3144824083735,8.98605049289299,11.6107901308304
2092-02-01,42.3328131875,55.8326456942149,65.581526248996,54.1406373222589,22.7373062954342,33.6389220799011,7.35803216371462,4.76836515961542,5.79990707510914
2092-03-01,53.975782734375,65.4863657066116,74.9943823453815,46.5143041770036,20.0276682625254,11.806263823635,6.82013960099085,4.47522829166574,3.43602442128035
2092-04-01,140.397657882812,171.855373057851,206.052209116466,425.261181809956,518.02100139232,283.349984676869,20.6218617445166,22.7600747229072,16.8330028419432
2092-05-01,41.569531796875,48.1925631776859,54.888354815261,24.0816634389054,23.3777089587981,12.1083720210895,4.90730714739819,4.83505004718649,3.47970861152044
2092-06-01,67.0656256015625,77.1747955578512,88.0389580401606,47.8898397755516,78.2123510138597,345.485521337548,6.92024853423283,8.8437747039293,18.5872408209919
2092-07-01,50.981250765625,58.4157034421488,69.1357441807229,30.0607553045349,101.113112755447,230.771263221111,5.48276894502539,10.0555016163018,15.1911574022887
2092-08-01,310.434376015625,346.963228595041,384.127714096386,210.583265000895,889.27644698404,969.262815719431,14.511487346268,29.8207385385413,31.1329859749981
2092-09-01,36.321875703125,44.367768768595,50.4514055742972,15.9432982493154,20.4549769085059,9.58920266640076,3.99290599054316,4.52271786744497,3.09664377454055
2092-10-01,151.94297078125,183.86198785124,218.054621365462,413.491573020032,843.014947496117,478.027160758613,20.3344921997092,29.0347196903314,21.8638322523434
2092-11-01,85.7671877578125,101.307849466942,119.30683273494,110.872796049373,113.663015398316,84.3287837610739,10.529615189995,10.6612858229351,9.18307049744659
2092-12-01,85.21796771875,98.6768612933884,113.481125590361,78.1956500348532,78.3168916575817,138.300118817838,8.84283043119414,8.84968313882377,11.7601070921075
2093-01-01,72.560157125,86.6219007272727,99.3297195903614,105.957835675613,32.8578966202442,52.8954423167527,10.293582256708,5.73218079095942,7.27292529294456
2093-02-01,137.7328114375,172.654962644628,202.330525542169,370.207660702709,252.696585494259,478.902769579427,19.2407811874339,15.8964331060228,21.8838472298503
2093-03-01,35.396094203125,42.9553732479339,49.8345386586345,20.621321142746,9.43750758518142,6.44089670155651,4.54107048423013,3.0720526664075,2.5378921768973
2093-04-01,175.681249765625,213.680170123967,253.197994257028,565.613849692013,639.85869029805,317.99564817061,23.7826375680246,25.2954282489554,17.8324324804725
2093-05-01,84.554690390625,97.9008289876033,112.439762939759,97.5938489483021,107.916434909132,61.2533751066821,9.87895991227326,10.3882835400817,7.82645354593523
2093-06-01,47.0210947109375,53.9669438719008,59.9522109558233,31.0117639928105,19.9271180421667,52.3238904177863,5.56882070036471,4.46398006740249,7.23352544875501
2093-07-01,158.62578484375,180.217357933884,203.256629558233,122.216385607608,410.416456398129,1206.96093600897,11.0551519938718,20.2587377789962,34.7413433247618
2093-08-01,296.840627578125,331.29504392562,360.110044618474,356.106952324466,974.172044132322,1140.95536065874,18.8707962822046,31.2117292717389,33.778030739798
2093-09-01,233.413287109375,274.19423285124,323.760654056225,219.183688676893,437.192695731318,583.188622275777,14.8048535513491,20.9091533958532,24.1492985876563
2093-10-01,60.826563828125,74.4107450206612,87.0558245140562,80.9967701422837,163.388244475441,92.0743265874607,8.99982056167142,12.7823411187247,9.59553680559148
2093-11-01,37.3031256640625,47.4847089834711,55.8622524538153,33.9881692714209,29.5818953217072,18.6393620716729,5.8299373299737,5.43892409596854,4.31733274970471
2093-12-01,123.715626070312,140.134299,159.897188192771,132.87422439158,123.075706837566,247.375280594264,11.5271082406465,11.0939491092021,15.7281683801473
2094-01-01,107.865624929687,124.840082892562,142.499197317269,190.330353255051,56.9832245707826,129.098128818565,13.7960267198586,7.54872337357666,11.3621357507541
2094-02-01,133.716405390625,162.578928140496,189.218074056225,302.738865973966,188.665660341917,329.851292866272,17.3993926898029,13.7355618866473,18.1618086342267
2094-03-01,165.160940023437,188.86157338843,217.49076184739,355.709704653268,112.31835506133,180.038951087019,18.8602678839212,10.5980354340477,13.4178594077826
2094-04-01,91.557813421875,112.066117747934,131.200805742972,171.577276882365,157.701471395496,82.0952134054796,13.0987509664992,12.5579246452388,9.06064089374916
2094-05-01,103.560157617187,117.563223735537,132.402007136546,128.007609458461,113.013495215572,77.3977600697303,11.3140447877168,10.6307805553295,8.79759967660102
2094-06-01,36.251563015625,41.3388433264463,45.5879522690763,14.9886578621579,10.3593954963944,26.6069478870722,3.87151880560561,3.21860148145035,5.15819230807384
2094-07-01,72.9515629140625,82.7330584297521,92.8815301204819,28.8086499971405,97.2413167624073,325.899105079189,5.36736900139542,9.86110119420784,18.0526758426331
2094-08-01,72.60156303125,85.3851251322314,89.3915672971888,175.557309293612,305.903691103217,218.682473912482,13.2498041228394,17.4901026613115,14.7879164831454
2094-09-01,98.183595125,115.721898966942,127.833736574297,116.534784239817,174.967069474523,114.601238377748,10.7951278009951,13.2275118398935,10.7051967930416
2094-10-01,21.6812505546875,28.7384304628099,32.6100405943775,12.0300385721474,17.0308396020195,23.5850968718985,3.46843459966415,4.12684378211963,4.85644899817742
2094-11-01,52.1640628515625,62.5582654876033,73.0469891084337,50.1475187569739,54.7357296820736,32.1591048504228,7.08149128058306,7.3983599319088,5.6708998272252
2094-12-01,60.67734434375,73.9206619090909,85.5441778594378,60.0294847363815,59.8745963979265,74.4070621228822,7.74786969020398,7.73786769064492,8.62595282405846
2095-01-01,110.1648435625,127.154132429752,144.961045522088,194.36973383302,57.5496329277632,126.619588385676,13.941654630388,7.5861474364636,11.2525369755303
2095-02-01,57.214843515625,72.6942176157025,85.3305241566265,74.1973283698229,36.8895825174471,60.0584142036364,8.6137871096181,6.07367948754683,7.74973639575156
2095-03-01,178.3007834375,202.177275867769,232.575504337349,408.454199255612,130.997183031528,211.032122978755,20.210249856338,11.445400081759,14.5269447227817
2095-04-01,92.021095859375,113.243390780992,134.835745710843,162.794919682579,180.19143329428,89.3426317193916,12.7591112418765,13.4235402667955,9.45212313289409
2095-05-01,54.0031257734375,62.6900836115702,71.2497999116466,40.4916344250608,37.3811476132393,20.4664624493336,6.36330373509396,6.11401239884573,4.52398745017419
2095-06-01,58.0351573125,65.9723153016529,74.7971887429719,50.6054422087702,65.87073940711,154.492203377082,7.11375022114005,8.11607906609528,12.4294892645306
2095-07-01,107.501564914062,120.892152272727,138.49839624498,48.8445554325818,194.149864610799,516.420299245886,6.98888799685485,13.9337670646096,22.7248828213896
2095-08-01,11.0976566875,13.3053721900826,14.2827311325301,2.46747479005946,4.99918247542313,3.32078909019344,1.57081978280752,2.23588516597412,1.82230323771688
2095-09-01,67.3476565078125,81.5731424669421,96.7570297751004,33.940456489232,44.2622533745052,43.5297384378706,5.82584384353306,6.65298830410104,6.59770705911308
2095-10-01,69.29765671875,84.100413714876,100.130523726908,37.3860623335274,113.162952593299,94.6144462912648,6.11441430829866,10.6378076967625,9.72699574849629
2095-11-01,69.3804709296875,82.4223154917355,96.6979930803213,83.9905424612294,93.4324256040068,59.0695718504404,9.16463542434883,9.66604498251517,7.6856731553222
2095-12-01,130.1968774375,144.742563016529,165.732932690763,123.489307251652,122.438676911712,307.002008693879,11.1125742855403,11.0652011690575,17.521472788949
2096-01-01,189.310941484375,207.91528785124,238.022893935743,459.326609058043,170.088945685634,559.104744085235,21.431906332803,13.0418152757058,23.6453958327036
2096-02-01,54.551563734375,71.1570252024793,83.1771086184739,78.6428348362799,37.7151565152132,60.1018754233419,8.8680795461182,6.14126668654058,7.7525399336825
2096-03-01,173.4562534375,199.883060578512,230.060241967871,353.308026445023,125.651710620757,132.918900376917,18.7964897373159,11.2094473824876,11.5290459439156
2096-04-01,121.351562671875,148.168184842975,174.032934859438,272.438054294787,268.431642632377,122.676150929371,16.5056976312662,16.3838836248423,11.0759266397612
2096-05-01,54.5007820546875,62.2909103842975,71.2196813895582,38.533291067048,45.2137017456162,37.2666790019725,6.20751891395008,6.72411345424928,6.10464405202896
2096-06-01,93.9453150390625,107.635538041322,120.414459092369,125.187543148428,111.030492569836,350.148233697344,11.1887239285107,10.5371007668066,18.7122482266922
2096-07-01,118.010938609375,133.880166615702,150.163858273092,42.4061993511901,154.485150122555,413.952454638462,6.51200424993643,12.4292055306265,20.3458215523105
2096-08-01,253.40781734375,286.631819297521,310.611645421687,451.527826014613,1107.00218914939,791.196501628347,21.2491841258579,33.2716424173708,28.128215400703
2096-09-01,263.328126875,304.874382644628,340.051411526104,685.075790854625,1086.60018475467,621.004905560494,26.1739525264073,32.9636191088702,24.9199700152407
2096-10-01,231.989066796875,275.376038181818,327.589562369478,706.616845413783,1842.17539313385,1067.07661977823,26.5822656185244,42.9205707456675,32.6661387338362
2096-11-01,127.119534890625,146.676447107438,171.495179839357,266.764155247908,343.239328474101,226.106666753188,16.3329163117892,18.5267193122285,15.0368436433045
2096-12-01,151.7914065625,167.283059421488,189.665464738956,146.284152784103,171.426344050277,365.572538022881,12.0947985838584,13.0929883544696,19.1199513080677
2097-01-01,125.181252382813,142.02313988843,164.441772690763,255.896811524798,103.209883898993,237.853507796751,15.9967750351375,10.1592265403914,15.4225000501459
2097-02-01,124.723435289062,154.133060661157,178.476311405622,288.017766210924,203.674353395473,345.928654684883,16.971086182414,14.2714523926429,18.5991573649153
2097-03-01,90.2320339453125,104.923963867769,123.191567658635,136.388615588832,62.486350761906,107.233556954157,11.6785536599714,7.90483084967073,10.3553636804391
2097-04-01,95.8242176484375,116.810744409091,138.893978168675,182.48134846384,209.857543575807,105.515941405895,13.5085657441432,14.4864606987286,10.2720952782719
2097-05-01,159.048441328125,183.786366652893,210.708837791165,350.357443354693,373.512294821387,213.644429006127,18.7178375715437,19.3264661752061,14.6165806194926
2097-06-01,157.805470039062,179.422316115702,201.712853172691,255.057231444686,300.194958779381,1314.65975465407,15.9705113081794,17.3261351368209,36.2582370593782
2097-07-01,175.99375171875,200.53843231405,227.191972329317,124.607476730473,448.685370148167,1454.9868329018,11.1627719107072,21.182194649001,38.144289649983
2097-08-01,195.722660625,219.535541198347,235.389561124498,338.088783870281,815.423109797841,647.436655881053,18.387190755259,28.5556143305978,25.4447765932628
2097-09-01,29.781251359375,36.3425624669421,37.6751008714859,52.3552320450823,84.5370543427896,63.0492938641854,7.23569153882905,9.19440342506188,7.94035854758369
2097-10-01,52.4820323671875,64.8590933016529,77.1530137871486,29.4394461560245,59.9029938090368,43.7919296970277,5.4258129488607,7.73970243672435,6.61754710576568
2097-11-01,97.0859389453125,113.378100599174,136.64859553012,103.524714281182,87.0543408329759,144.325517601473,10.1747095428411,9.33029157277391,12.0135555769919
2097-12-01,127.618751867187,141.435125008264,163.721689738956,88.8524086161572,154.926682859903,381.979966037575,9.42615555866532,12.4469547625073,19.5443077656277
2098-01-01,96.05937596875,111.532647417355,128.835745666667,159.568102323478,66.3076765020185,161.415269519383,12.6320268493808,8.14295256660743,12.7049309136013
2098-02-01,74.2898432734375,94.5355375247934,110.101605208835,123.303914920005,69.4795492498689,119.750787401679,11.1042295959695,8.33543935553903,10.9430702913615
2098-03-01,52.6265631640625,63.2640508305785,73.4204857951807,50.4115678912249,23.9331075197184,19.5505273924626,7.10011041401645,4.89214753658538,4.42159783251062
2098-04-01,31.0890628828125,38.130165785124,44.9755025301205,21.0764140737953,20.5434433591251,10.2939549839481,4.59090558319328,4.53248754649421,3.20841939028365
2098-05-01,144.621099625,167.811161983471,195.182735502008,294.494563221748,398.618956768857,290.44007392103,17.160843895967,19.9654440664078,17.0423024829695
2098-06-01,104.910157976563,120.358678123967,131.872290365462,118.165616875515,66.0604686640263,261.484633380961,10.8704009528405,8.12775914161009,16.1704864917838
2098-07-01,162.395316328125,182.066119214876,208.144180843374,133.159974551984,460.927223238123,988.785461126021,11.5394962867529,21.4692157108294,31.4449592323797
2098-08-01,44.171876203125,49.9214881115702,56.2477917148594,4.96014446348834,20.1372124936851,21.7571015429332,2.22713817790642,4.48745055612707,4.66445082972617
2098-09-01,65.11875078125,79.191735731405,92.5895597228916,36.9533448996197,47.9612644442167,26.2361904562983,6.07892629496523,6.92540716811775,5.12212753221728
2098-10-01,91.8835975859375,109.73553781405,127.971888004016,102.041514725915,291.432051650821,188.150880479125,10.1015600144688,17.0713810704003,13.7168101422716
2098-11-01,65.0585945390625,77.4082631983471,91.385542064257,67.4315836129252,69.3630930163494,51.0881159494506,8.21167361826596,8.32845081730987,7.14759511650251
2098-12-01,92.3500010859375,105.949174380165,122.303211353414,79.7358897851339,87.8415264317777,174.649420730385,8.92949549443494,9.37238104388515,13.2154992614878
2099-01-01,146.27891215625,163.678927809917,183.80121,287.724470316505,104.285269780399,185.034357417483,16.9624429348047,10.2120159508492,13.6027334538865
2099-02-01,46.24374884375,61.3884297231405,71.4819281767068,62.9694095791512,30.7598809524909,50.533664897177,7.93532668383294,5.546159117127,7.1087034610523
2099-03-01,112.512502234375,129.216117421488,148.830920562249,174.452859705986,65.0650074413954,81.8982888058592,13.2080604066602,8.06628833115922,9.04976733434949
2099-04-01,129.429689664062,157.567357384298,186.487553493976,310.970448220928,343.384219245879,163.270134701894,17.6343542048165,18.5306292188333,12.7777202466596
2099-05-01,123.07500075,144.845867107438,167.669480803213,233.661615185914,261.702083827715,130.900425347303,15.28599408563,16.1772087774039,11.4411723764352
2099-06-01,55.864844328125,64.7615717231405,72.4317286907631,48.7832468636151,47.2814745101565,163.380663644598,6.98450047344942,6.87615259503136,12.7820445799801
2099-07-01,158.78671659375,180.420663553719,208.149001646586,191.605102341384,664.721456349763,1747.4316902133,13.8421494841438,25.7821926210663,41.8022928822487
2099-08-01,428.562501640625,474.649591239669,517.291574618474,556.639733210916,1899.42322765839,2533.34148160625,23.5932137109576,43.5823729007312,50.3323105132901
2099-09-01,292.900001875,345.830584628099,394.561038313253,1187.41928324442,1662.0409153554,668.653927052457,34.4589506985402,40.7681360299364,25.8583434707728
2099-10-01,193.758598125,233.003306900826,284.068685301205,224.343881065167,691.678566645858,685.968269379796,14.9781134013989,26.2997826349546,26.1909959600584
2099-11-01,112.857032398437,133.254959260331,162.169482891566,123.17444427807,85.7130659224683,210.480609443026,11.09839827534,9.25813512120385,14.507949870434
2099-12-01,235.74609625,257.022730123967,293.32450313253,294.858767050554,354.920140293544,910.56487570022,17.1714520949905,18.8393243056524,30.1755675290494
2100-01-01,114.40390615625,131.783473826446,149.739760281124,205.889373891165,65.694529794777,140.758222358582,14.3488457337573,8.10521620900868,11.8641570437424
2100-02-01,101.667970109375,128.009918785124,148.532528136546,215.642741642782,135.439697127413,230.161798095184,14.6847792507338,11.6378562084008,15.1710842755284
2100-03-01,144.708600328125,167.260327520661,193.439352730924,295.893275732599,108.28848177985,176.332366562038,17.201548643439,10.4061751753394,13.2790197892028
2100-04-01,169.07109671875,206.177690123967,241.905226746988,555.183778762649,535.863416702229,248.198957135651,23.5623381429486,23.1487238676828,15.7543313769786
2100-05-01,89.211719859375,102.266529789256,117.146587823293,103.428429735038,120.217195727371,98.2556311649808,10.1699768797691,10.964360251623,9.91239785142731
2100-06-01,35.33671925,41.2247939338843,45.5361449076305,13.9324195257911,12.053406127491,50.3408628212451,3.73261564131523,3.47180156798902,7.09512951405717
2100-07-01,157.253127578125,178.456611652893,203.801608915663,153.340461314549,527.652030967845,1426.67029358663,12.3830715621993,22.9706776340587,37.7712892762033
2100-08-01,65.2203131484375,76.684711268595,84.0449805261044,42.3578534214929,81.5770736433246,56.7548219182277,6.50829112912851,9.03200274819071,7.5335796218151
2100-09-01,332.149230234375,385.652067355372,426.800405582329,1598.21895608888,2393.17199077977,1215.89200539216,39.9777307521185,48.920057142033,34.8696430350551
2100-10-01,52.773438453125,66.2938031033058,76.8100402128514,43.1013404707311,83.3041352565812,72.0725208271999,6.56516111536732,9.12710990711634,8.48955362944365
2100-11-01,67.474219,80.6438015454546,96.4971902128514,58.7360936939154,45.5091898621058,52.4836511184562,7.6639476573053,6.74604994512388,7.24456010524146
2100-12-01,190.26406546875,207.809504586777,236.366269799197,199.802962983053,291.214999910675,602.444922347625,14.1351675965676,17.0650227046633,24.5447534586849
#Tmin
,eco001,eco002,eco003,eco001,eco002,eco003,eco001,eco002,eco003
TIMESTEP,MEAN(degC),MEAN(degC),MEAN(degC),VARIANCE(degC),VARIANCE(degC),VARIANCE(degC),STD_DEV(degC),STD_DEV(degC),STD_DEV(degC)
2014-01-01,-7.31484380234375,-8.80867786570248,-10.2931728835341,0.336392119969261,0.468015764334357,0.901364446894184,0.57999320683027,0.68411677682568,0.949402152353882
2014-02-01,-8.16796886953125,-9.67190102892562,-11.1943777269076,0.33715495082809,0.471240282048103,0.902790829521481,0.580650454945219,0.686469432712122,0.95015305583968
2014-03-01,-1.92187502421875,-3.28966944958678,-4.87831329959839,0.293690948538388,0.506241396656497,1.12041492552178,0.54193260516266,0.711506427698652,1.05849654015579
2014-04-01,3.51171878359375,2.4095041538843,0.887951818875502,0.438365550978107,0.701029636167074,1.44098332794987,0.662091799509786,0.83727512573053,1.20040965005696
2014-05-01,8.54843763984375,7.63305793016529,6.27590367068273,0.444092054535057,0.908778196461762,1.66175578234456,0.66640232182598,0.953298587254676,1.28909106828981
2014-06-01,13.1375002421875,12.2636365330579,11.0164660481928,0.453385844685224,1.07211624141847,1.59121975098797,0.673339323584494,1.03543046189422,1.26143559129587
2014-07-01,19.778906453125,18.8185952355372,17.5293174779116,0.395535810802328,0.834549143428023,1.27748376164027,0.628916378227128,0.913536613074716,1.13025827209549
2014-08-01,17.9921876640625,16.9615704586777,15.6678717188755,0.368442404946004,0.932085488073279,1.4946895347359,0.606994567476517,0.965445745794801,1.22257496078396
2014-09-01,15.569531453125,14.2851241859504,12.8012049718876,0.222135231963746,0.603097263310758,1.25826460509146,0.471312244657134,0.776593370632764,1.12172394335303
2014-10-01,6.83593755625,5.36322320495868,3.59919682506024,0.2470447704134,0.499347249617655,1.06072520143789,0.497035985028649,0.706645066223246,1.02991514283357
2014-11-01,0.5773437578125,-0.825619841322314,-2.56907633654618,0.266490535435532,0.434610616526183,1.04037052359924,0.51622721299398,0.659250040975488,1.0199855506816
2014-12-01,-4.75234379453125,-6.25041327520661,-7.72208843975904,0.31652991085262,0.454958346918157,0.900437675429194,0.562609910019918,0.674506002136495,0.948913945218002
2015-01-01,-7.1179688140625,-8.61776874710744,-10.0662652771084,0.345895063152088,0.465782628604081,0.884825026409032,0.588128441033154,0.682482694728651,0.940651384099886
2015-02-01,-3.87734377890625,-5.30785128677686,-6.89879525542169,0.297671638603598,0.531016946413372,1.14649057927035,0.545592923894361,0.728709095876655,1.07074300337212
2015-03-01,-5.2546875609375,-6.70537195330578,-8.33534147188755,0.307221953912416,0.522004221545573,1.13745570891477,0.55427606290766,0.722498596223947,1.06651568620193
2015-04-01,1.92656251828125,0.674793395041322,-0.886345390120482,0.350627456973919,0.590772791128974,1.37755476045012,0.592138038783119,0.768617454348374,1.17369278793478
2015-05-01,6.3398438109375,5.44173559917355,4.10040163991968,0.435644059790861,1.02285675710505,1.81826598659944,0.660033377785443,1.01136381045846,1.34843093504986
2015-06-01,12.576562640625,11.7099175413223,10.4530122261044,0.438658946013901,1.04471452885719,1.62524286147994,0.662313329183327,1.0221127769758,1.27485013294894
2015-07-01,18.270312640625,17.3388432272727,16.1477913815261,0.407615736761933,0.952675768855853,1.34258578378693,0.638447912332661,0.976051109755966,1.15870004047076
2015-08-01,20.43125021875,19.3495869628099,17.976707064257,0.300590579921432,0.660767440725779,1.24856807236707,0.548261415678171,0.812876030355047,1.11739342774471
2015-09-01,13.9585939765625,12.6541324380165,11.1811247068273,0.223862570681771,0.598924781557724,1.29089229799861,0.473141174156056,0.77390230750252,1.13617441354689
2015-10-01,5.503906325,4.02892565826446,2.27269078176707,0.247937375905529,0.482645341423828,1.07828345725515,0.497933103845817,0.694726810641297,1.03840428410863
2015-11-01,-1.07890626171875,-2.49008266900826,-4.22409643413655,0.269236595577019,0.407038174788933,0.973126737353294,0.518880136040125,0.637995434771231,0.986471863437217
2015-12-01,-2.613281275,-4.04917359586777,-5.77630528514056,0.28289308858268,0.414791872313716,0.936895974441332,0.531876948722803,0.644043377664669,0.967933868836777
2016-01-01,-7.911718846875,-9.42685965702479,-10.8819279196787,0.350806567908539,0.474337822554226,0.9060027402353,0.592289260335302,0.68872187605319,0.951841762182822
2016-02-01,-4.00781253828125,-5.4533058322314,-7.1144578935743,0.310332214830225,0.468391508284364,0.948741790157433,0.557074694121197,0.684391341473842,0.974033772595916
2016-03-01,-3.517968771875,-4.95454551776859,-6.57349406987952,0.293139156491145,0.530788392742376,1.27364959137684,0.541423269255345,0.728552258072389,1.12856084965625
2016-04-01,3.1953125265625,2.01157026826446,0.47590362184739,0.448639280880909,0.692230724763213,1.41699770032025,0.669805405234169,0.832004041314231,1.19037712525075
2016-05-01,6.1765625609375,5.27024798636364,3.97188759831325,0.473934519414385,1.11678749750901,1.92694848382654,0.688429022786216,1.05678166974499,1.38814569978318
2016-06-01,10.092968921875,9.26281008512397,8.07028127228916,0.429320239247191,1.16408844297122,1.78540375309928,0.655225334711037,1.0789293039728,1.33619001384507
2016-07-01,16.9179688828125,16.0471076652893,14.9887552289157,0.289674561134466,0.788643056534589,1.28995369042639,0.538214233493008,0.888055773324282,1.13576128232406
2016-08-01,18.5546876796875,17.616942338843,16.4152612168675,0.337930659719637,0.834525057391877,1.35129846822465,0.581318036637121,0.91352343012748,1.16245364132281
2016-09-01,15.3109376640625,14.0202481652893,12.5088355220884,0.213265275910571,0.545024073262412,1.19338936070102,0.461806535153598,0.73825745730227,1.092423617788
2016-10-01,6.56953130859375,5.04628105289256,3.28915665518072,0.241977744346717,0.533118893040034,1.12306745376779,0.491912334005478,0.730149911347001,1.05974876917493
2016-11-01,1.284375018125,-0.109917356942149,-1.80682732835341,0.264793311311025,0.416498757973321,0.947251596537507,0.514580714087717,0.645367149747584,0.973268512044598
2016-12-01,-2.81093751796875,-4.29049591942149,-5.9345382124498,0.328383358658958,0.443851241051759,0.848399116525477,0.573047431421657,0.666221615569293,0.921085835590515
2017-01-01,-10.180468921875,-11.7549588966942,-13.1453817309237,0.367568342790498,0.497506447971778,0.926520974702197,0.606274148212257,0.705341369814487,0.962559595402901
2017-02-01,-2.9359375234375,-4.35661161487603,-5.85341372449799,0.305627456569884,0.440391805414091,0.885966104656384,0.552835831481538,0.663620226796992,0.94125772488537
2017-03-01,-2.29687501875,-3.69752068842975,-5.26465869879518,0.290226375866143,0.543645304852377,1.22922985602768,0.53872662442666,0.737323066811542,1.10870638855726
2017-04-01,3.54531253046875,2.33099175628099,0.801204833253012,0.387851884303648,0.631525165046948,1.37778083600739,0.622777556037184,0.79468557621675,1.17378909349482
2017-05-01,7.7257814109375,6.82107441859504,5.48634543895582,0.463188495376593,0.98764531580571,1.71634509664401,0.68057952906078,0.993803459344809,1.31009354499746
2017-06-01,14.5765626640625,13.6847109545455,12.5602411606426,0.397714032160571,1.08827148842992,1.55853379773626,0.630645726347663,1.04320251554045,1.24841251104603
2017-07-01,17.337500234375,16.4462811818182,15.3550202811245,0.316377850000181,0.844571181057046,1.28296865966786,0.562474754989218,0.919005539187358,1.13268206468888
2017-08-01,20.494531421875,19.4061985909091,18.0445784819277,0.300678553666482,0.677845269493687,1.26885148700947,0.548341639551915,0.823313591223713,1.12643308146089
2017-09-01,15.4843752421875,14.1867770413223,12.6080323052209,0.211879917864358,0.474596268523177,1.0979997315975,0.460304157991603,0.688909477742306,1.04785482372202
2017-10-01,8.11875013828125,6.62107443471074,4.89799201686747,0.230354402962704,0.533371452468036,1.12132661868119,0.479952500735962,0.73032284126134,1.05892710735026
2017-11-01,2.50937502140625,1.14338844495868,-0.557429724096386,0.249990158902561,0.434914625544667,1.02826113046275,0.499990158805712,0.659480572530129,1.01403211510423
2017-12-01,-4.9695313109375,-6.49834716570248,-8.22771094859438,0.338985593467042,0.429789788919461,0.887091968260859,0.582224693281762,0.655583548389876,0.941855598412442
2018-01-01,-6.61171880390625,-8.1086777838843,-9.47751026104418,0.35584582986837,0.451833169660578,0.876346986688863,0.596528146752833,0.672185368526107,0.936134064484817
2018-02-01,-4.90859380625,-6.38347112272727,-7.91606434618474,0.315752335206707,0.461800344416185,0.920144164833256,0.561918441774878,0.679558933732892,0.959241452833048
2018-03-01,-3.45625003125,-4.88181822892562,-6.49357436746988,0.29476379771654,0.521410802052068,1.21931343346939,0.542921539190094,0.722087807715978,1.10422526391556
2018-04-01,2.784375021875,1.53305787090909,-0.0261044163855422,0.361486218011813,0.57998149229615,1.33854971542681,0.60123723937545,0.761565159586591,1.15695709316586
2018-05-01,7.1882813015625,6.2665289785124,4.91606431285141,0.437578128580229,0.914601198150968,1.70361190711816,0.661496884784977,0.956347843700694,1.30522484925708
2018-06-01,12.201562765625,11.3479340867769,10.2979921373494,0.409603889714764,1.20375094624343,1.74003632061874,0.640003038832445,1.0971558441003,1.31910436305045
2018-07-01,13.7554689609375,12.8876034876033,11.9044178795181,0.344851729761487,1.06009462659046,1.60098850444699,0.587240776650844,1.0296089678079,1.26530174442581
2018-08-01,19.582812703125,18.6384299380165,17.4550202811245,0.376710147982446,0.953994249158274,1.41433959676464,0.613767177342065,0.976726291833221,1.18926010475616
2018-09-01,14.53359396875,13.264463,11.7718878032129,0.215476751132062,0.535910205953311,1.20839995561944,0.464194734063261,0.732058881479701,1.09927246650657
2018-10-01,7.41250005703125,5.9293389161157,4.17068277429719,0.241102359035453,0.490878394175456,1.06772577963306,0.491021750063531,0.700627143476083,1.03330817263441
2018-11-01,0.55703125640625,-0.82851240677686,-2.5570281475502,0.260737585491881,0.413416047434314,0.985847593783719,0.510624701215952,0.642974375410338,0.992898581821789
2018-12-01,-3.20859377421875,-4.69628104338843,-6.16827314578313,0.334964949462356,0.440442575043735,0.864836145055075,0.578761565294686,0.663658477715561,0.929965668750774
2019-01-01,-7.021875065625,-8.52644644876033,-9.96706847389558,0.356683035374031,0.477306096241685,0.875040206179718,0.597229466264041,0.690873429972296,0.93543583755366
2019-02-01,-5.84609379921875,-7.33595050041322,-8.86827322690763,0.343764179009609,0.464054961692376,0.884513677239716,0.586314061753263,0.68121579671377,0.940485872961267
2019-03-01,-0.0367187515625,-1.38677687702479,-2.96506027325301,0.286121439246555,0.487293315695211,1.14147593729927,0.534903205492877,0.698063976792393,1.06839877260285
2019-04-01,2.70468752109375,1.53099175041322,-0.0309236961445783,0.425647147359746,0.64521811055739,1.41682215768215,0.652416391087583,0.803254698434681,1.19030338892324
2019-05-01,7.37578129453125,6.45909096735537,5.13574300240964,0.464999361977128,1.03512448686158,1.76956406478593,0.681908617028064,1.01741067758382,1.33024962498996
2019-06-01,9.37265642421875,8.56157043760331,7.44176717871486,0.426569281689366,1.25167070005673,1.90018409835803,0.653122715643366,1.11878089903999,1.37847165308469
2019-07-01,15.43281275,14.5247935619835,13.4353415582329,0.332458127559244,0.890503075463949,1.3931814620613,0.576591820579554,0.943664705000642,1.18033108154505
2019-08-01,19.1859377109375,18.1016530743802,16.7016066024096,0.27523377684564,0.596345807873679,1.22282002858222,0.524627274210596,0.772234295970905,1.10581193183209
2019-09-01,17.3093752421875,16.0487605206612,14.5546186345382,0.223533467864358,0.504251568519753,1.16023064107087,0.472793261229851,0.710106730372099,1.0771400285343
2019-10-01,8.26562512265625,6.79049592727273,5.08032133895582,0.240383930231393,0.504598081284607,1.09303864155073,0.490289639123032,0.710350674867425,1.04548488346352
2019-11-01,2.510937521875,1.15206613214876,-0.522088358714859,0.235469979990159,0.433294483218684,1.02567951323352,0.485252490967495,0.658251079162567,1.01275836863169
2019-12-01,-1.710156274375,-3.22355374545455,-4.89036149959839,0.35367557070571,0.452596469212309,0.83692286616208,0.594706289445227,0.672752903533169,0.914834884644262
2020-01-01,-5.84218756328125,-7.32438021776859,-8.67951821044177,0.35852118107531,0.447743400686901,0.873167524104271,0.598766382719764,0.669136309496728,0.934434333757205
2020-02-01,-3.30390626640625,-4.72438022520661,-6.32971894337349,0.295181463925936,0.51620812355922,1.10000032232577,0.543306049962575,0.718476251214485,1.04880900183292
2020-03-01,-1.52812502015625,-2.9338843231405,-4.51606429959839,0.279202766762797,0.541751659087826,1.2901441620618,0.528396410626337,0.736037810909077,1.13584513119606
2020-04-01,1.74375001984375,0.497933891735537,-1.04257029116466,0.359015758690946,0.632070426413224,1.39697081391625,0.599179237533266,0.795028569557864,1.18193519869587
2020-05-01,8.18828142265625,7.2652893161157,5.86265066064257,0.421515237740044,0.779371088625245,1.55501069897397,0.649242048653693,0.882819963880091,1.24700068122434
2020-06-01,13.2289064921875,12.3545456694215,11.2590363092369,0.394512263644378,1.10041495737474,1.6260571662652,0.628102112434259,1.04900665268374,1.27516946570454
2020-07-01,18.783593890625,17.8400828429752,16.6349399518072,0.344216917052287,0.765482115764365,1.2088953175089,0.586700023054616,0.874918348055614,1.09949775693673
2020-08-01,20.3562502109375,19.2900828305785,17.9534138353414,0.312716464271821,0.770772569459361,1.35378874994509,0.559210572389168,0.877936540678973,1.16352427991215
2020-09-01,16.5851564609375,15.3016531115702,13.8112451285141,0.223163748634518,0.606470301526183,1.23164720412955,0.472402104815927,0.778762031384545,1.10979601915377
2020-10-01,9.1492189609375,7.64214883966942,5.91405627710843,0.237952160765424,0.544523227245346,1.12008389849755,0.487803403806722,0.737918171103914,1.05834016199781
2020-11-01,2.1109375203125,0.744214885867769,-0.940562258554217,0.242084149473427,0.43409503654765,0.99863034150026,0.492020476681029,0.658858889708297,0.999314936093852
2020-12-01,-1.617968765625,-3.09462812190083,-4.71967876144578,0.31928088144193,0.454701313311275,0.847232162663893,0.565049450439455,0.6743154405108,0.920452151208249
2021-01-01,-7.5390625890625,-9.05206629338843,-10.4847391606426,0.346178642278579,0.471883717280075,0.891056521729014,0.588369477691169,0.686937928258497,0.9439579025195
2021-02-01,-7.3390625375,-8.85537206694215,-10.5008034136546,0.33846210996064,0.472522992684886,0.937418783375598,0.581774965051471,0.687403078757206,0.968203895558987
2021-03-01,-1.8250000209375,-3.23140498636364,-4.8481928313253,0.297637796236222,0.507059439639934,1.15815198532745,0.545561908710847,0.712081062548313,1.07617470018926
2021-04-01,4.30546880078125,3.19090911206612,1.65261046176707,0.432962002392975,0.634273863572994,1.38693874427763,0.65799848205978,0.796413123682046,1.17768363505554
2021-05-01,9.1984377265625,8.27438032396694,6.8875502875502,0.445824426698011,0.830710268516287,1.55198150935617,0.667700851203599,0.9114330850459,1.24578549893478
2021-06-01,12.7929689609375,11.9219010371901,10.7004018148594,0.421603776808731,1.05416574019083,1.63673378547464,0.649310231560177,1.02672573757106,1.2793489693882
2021-07-01,15.910937765625,15.0780993677686,14.1333335381526,0.381454207529725,1.21532749327199,1.67061829247328,0.617619792048251,1.10241892820833,1.29252400073394
2021-08-01,17.7023439765625,16.6731406942149,15.426907811245,0.418340988496732,1.14446221162528,1.67866829295908,0.646792848210872,1.06979540643306,1.29563432069357
2021-09-01,14.8289064296875,13.5223142190083,11.9939761124498,0.212622465711271,0.569126602085118,1.21008449629826,0.461110036446042,0.754404799882078,1.10003840673781
2021-10-01,7.16562508828125,5.59256204297521,3.80923698835341,0.283848454936053,0.573637387819362,1.11479339142539,0.532774300183533,0.757388531613308,1.05583776756914
2021-11-01,-3.86640628359375,-5.30165295330579,-7.0755021124498,0.270122432471709,0.399665305204912,0.991050802914937,0.5197330396191,0.632190877192096,0.995515345394001
2021-12-01,-2.1460937734375,-3.61611573305785,-5.09236953012048,0.325338942979825,0.449490271210871,0.853368968493665,0.570384907741978,0.670440356192011,0.92377971859836
2022-01-01,-6.20468756328125,-7.70702489628099,-9.14056241485944,0.3335211584572,0.454265908719595,0.878065813285214,0.577512907610904,0.673992513845366,0.937051659880721
2022-02-01,-3.95937504296875,-5.41570254628099,-6.90682739156626,0.314714582101386,0.442573968007286,0.884348445541882,0.560994279918598,0.665262330218152,0.94039802506273
2022-03-01,-1.4687500165625,-2.86611573181818,-4.45100406666667,0.289094494082678,0.517436317931488,1.2179929781076,0.537675082259424,0.719330465037793,1.10362719163112
2022-04-01,3.19843751984375,1.95041324297521,0.351405628995984,0.358737693889274,0.500020583957342,1.29202425540957,0.598947154504697,0.70712133609257,1.13667244860143
2022-05-01,4.984375078125,4.0698347714876,2.69196789718875,0.398021666870096,0.854978446785446,1.72662880550719,0.630889583738784,0.924650445728247,1.31401248301041
2022-06-01,11.4156252265625,10.5582646140496,9.3510041502008,0.44101378813994,1.16028406327574,1.76976724681025,0.664088689965384,1.07716482641968,1.33032599268384
2022-07-01,16.1781251953125,15.3289258553719,14.3437753453815,0.309596452706851,0.987292657110705,1.49513240752059,0.556413922100132,0.993626014711121,1.22275607032662
2022-08-01,21.5039064453125,20.5165291198347,19.2923696706827,0.393291745509509,0.907941360762819,1.3849011562121,0.627129767679313,0.952859570326509,1.17681823414328
2022-09-01,15.50546896875,14.2966944338843,12.9289158554217,0.220206132037574,0.661897744076164,1.35996706231069,0.469261262025296,0.813570982813524,1.16617625696577
2022-10-01,10.1835939609375,8.73305798966942,7.02409646586345,0.249256295755581,0.499317646370267,1.06296544122137,0.499255741835366,0.706624119578625,1.03100215383935
2022-11-01,0.0992187503125,-1.31942150256198,-3.04216871004016,0.274251356118602,0.416343243450843,0.954222733522158,0.523690133684608,0.645246653188409,0.976843249207445
2022-12-01,-3.1578125171875,-4.64256204504132,-6.20602417228916,0.333481805713586,0.454239074613711,0.879761998498859,0.577478835727843,0.673972606723531,0.937956288159986
2023-01-01,-5.457812565625,-6.97190087975207,-8.38835353092369,0.345607776919307,0.448750713297911,0.881033320563636,0.587884152634945,0.669888582749334,0.938633752090578
2023-02-01,-4.973437565625,-6.43512402272727,-8.11445793172691,0.34023377091537,0.482039207189411,0.969709599533692,0.583295611945924,0.694290434320833,0.984738340643692
2023-03-01,-2.2570312671875,-3.67107441198347,-5.27871491807229,0.295698200504431,0.525383926085532,1.20474673127641,0.543781390362368,0.724833723060352,1.09760955320023
2023-04-01,1.9554687721875,0.726859512809917,-0.8216867562249,0.373985608188486,0.630271439047016,1.40356007201011,0.611543627379508,0.793896365432552,1.18471940644614
2023-05-01,8.6460938640625,7.73388442396694,6.37188762088353,0.442819329520276,0.889054672973584,1.63444847637488,0.665446714260635,0.942896957770882,1.27845550426085
2023-06-01,13.4882814296875,12.6165291115702,11.4076306827309,0.433168675701428,1.08063847224047,1.59232048144203,0.658155510272024,1.0395376242544,1.26187181656539
2023-07-01,16.0960939453125,15.2623969214876,14.2783134337349,0.301795650947501,0.967667218480338,1.45839874402463,0.549359309512,0.983700776903393,1.20764181114461
2023-08-01,21.5125001640625,20.3933886404959,19.0726909317269,0.379527606889902,0.88692712432375,1.3657027592047,0.616058119733765,0.9417680841501,1.16863285903003
2023-09-01,14.135937703125,12.8648762355372,11.4297190763052,0.228934568750163,0.583698936610704,1.26435515866709,0.478471074099744,0.764001921863227,1.12443548443968
2023-10-01,8.58593766640625,7.12355379504132,5.43212856506024,0.230351865032126,0.502057029937274,1.09364103593342,0.479949856789359,0.708559828057782,1.04577293708215
2023-11-01,2.96093751875,1.59917357487603,-0.0991967869879518,0.24901329187008,0.422405959631564,1.02403163345712,0.49901231635109,0.649927657229298,1.01194448141048
2023-12-01,-4.5523438125,-6.05413228471074,-7.61445793614458,0.352750377145684,0.447472479800774,0.863096693437684,0.593927922517273,0.668933838134067,0.929029974455983
2024-01-01,-3.85312504140625,-5.30123973512397,-6.67751010240964,0.336840576825797,0.431658205725128,0.849976038798764,0.580379683333072,0.65700700584174,0.921941450851823
2024-02-01,-1.6929687728125,-3.08057854297521,-4.69558237831325,0.304438359402069,0.493189721973873,1.01437558020179,0.551759331051201,0.702274677013114,1.00716214196215
2024-03-01,-2.22031251796875,-3.63471076735537,-5.24417675983936,0.306985721154037,0.493395991852136,1.17199217684935,0.554062921656049,0.702421520066218,1.08258587504611
2024-04-01,2.813281278125,1.59504134132231,0.052610443935743,0.38131827952264,0.638232585030693,1.39484197724207,0.617509740427339,0.798894601953658,1.18103428283944
2024-05-01,7.57187503984375,6.66239676239669,5.2915663,0.438415338636821,0.874057297752151,1.62069474315877,0.662129397200292,0.934910315352307,1.27306509776946
2024-06-01,11.3507814296875,10.5008266347107,9.4309238811245,0.332440323929775,0.98854705923406,1.62093514685693,0.576576381696107,0.994257038815446,1.27315951351625
2024-07-01,15.77109396875,14.9095043057851,13.9016066345382,0.27655949995096,0.843602280072844,1.39435230751085,0.525889246848574,0.918478241480354,1.18082695917347
2024-08-01,20.75156271875,19.7239671404959,18.4273094297189,0.356218041043479,0.850294502218876,1.38497696518995,0.596840046447521,0.922114148150258,1.17685044300028
2024-09-01,13.882031453125,12.565289446281,10.9923696746988,0.21660369928658,0.516466545831916,1.16062708449945,0.465407025394525,0.7186560692236,1.07732403876431
2024-10-01,9.0031251484375,7.50578521115702,5.8112450309237,0.259990173868238,0.592663566897625,1.16229241576857,0.509892315953317,0.76984645670265,1.07809666346231
2024-11-01,2.63515626359375,1.27520662884298,-0.409638556385542,0.234738559973672,0.427100593247695,1.03119706390109,0.484498255903643,0.653529336179865,1.01547873631164
2024-12-01,-5.011718815625,-6.53719014008264,-8.03895593534136,0.32891670896163,0.46110079826688,0.894968377420731,0.573512605756517,0.679044032642126,0.946027683221126
2025-01-01,-6.7851563015625,-8.28305793677686,-9.73333350722891,0.317809415361725,0.476931748346492,0.931021493736703,0.563745878354534,0.690602453185979,0.96489455057882
2025-02-01,-8.23750012265625,-9.76322333884297,-11.2787150481928,0.348346509626078,0.483496655937885,0.918053109499441,0.590208869491198,0.695339238025501,0.95815088034163
2025-03-01,-2.60625002578125,-4.04421492520661,-5.65783138072289,0.299488194163388,0.509613726614667,1.21470661153033,0.547255145396906,0.71387234616188,1.10213729250504
2025-04-01,4.16093754609375,3.17644630578512,1.71244981116466,0.438619604259361,0.801144172880906,1.55230407425923,0.662283628258589,0.895066574552366,1.24591495466554
2025-05-01,7.5093750375,6.61115708181818,5.25702815863454,0.410620071889774,0.86589159578891,1.71746052617568,0.640796435609448,0.930532963300554,1.31051918191825
2025-06-01,13.3046877421875,12.4268597190083,11.1919680481928,0.442654987475579,1.05591463248877,1.64106432681385,0.66532322030392,1.02757706888037,1.28104032989358
2025-07-01,19.6101564296875,18.6826448016529,17.5220885582329,0.343439414234893,0.837290851850218,1.25350200162602,0.586037041691814,0.915035983910042,1.11959903609552
2025-08-01,20.692968953125,19.5892564256198,18.23453837751,0.291682444414533,0.749593644388229,1.35678614201339,0.540076332025884,0.865790762475686,1.16481163370452
2025-09-01,15.1984376875,13.9855374297521,12.5971889718876,0.212123481693067,0.599416561174354,1.30438720900069,0.460568650358518,0.774219969501145,1.14209772305206
2025-10-01,8.6164063828125,7.13181825206612,5.37068279116466,0.243114563127577,0.50375521003398,1.07345156127123,0.493066489560563,0.709757148631826,1.0360750751134
2025-11-01,1.75546877359375,0.364049593636364,-1.34658636176707,0.274773011401331,0.416752010474333,0.952337115925121,0.524187954269583,0.645563328012313,0.975877613189852
2025-12-01,-3.15234377265625,-4.67066121363636,-6.3815261686747,0.344088952215799,0.437849356094455,0.874899331739889,0.586590958177672,0.661701863450946,0.935360535697273
2026-01-01,-6.71328131640625,-8.21198365743802,-9.60000023012048,0.355806508261586,0.451432723041519,0.887903246209854,0.596495187123573,0.671887433311205,0.9422861806319
2026-02-01,-4.4554688015625,-5.93181824380165,-7.50522096064257,0.325481678604835,0.454377599358747,0.908077530769896,0.5705100162178,0.674075366230474,0.952931020992546
2026-03-01,-0.62578125921875,-2.01074382454545,-3.60642573293173,0.295471838127215,0.500713966342994,1.20423276701257,0.543573213217148,0.707611451534664,1.09737539931082
2026-04-01,3.7367187890625,2.55206613553719,1.02048194,0.414625394234752,0.656530980839479,1.41639335927148,0.643914120232467,0.8102659938807,1.19012325381511
2026-05-01,9.43359393984375,8.52107452644628,7.1321286248996,0.41988614112097,0.801587335805475,1.6096089033632,0.647986219854227,0.89531409896498,1.26870363101995
2026-06-01,10.903125125,10.0479340958678,8.93212869558233,0.395895707874126,1.14317006603219,1.77493153227083,0.629202437911779,1.06919131404637,1.33226556371875
2026-07-01,16.267187671875,15.3681820413223,14.2995985983936,0.343481840502112,0.918444008449816,1.38399175032404,0.586073238172596,0.95835484474688,1.17643178736552
2026-08-01,21.0195314140625,19.9235539504132,18.5746989638554,0.305363579958308,0.727534252961325,1.31851041989909,0.55259712264751,0.852956184666789,1.14826408978906
2026-09-01,12.620312671875,11.2590911157025,9.714859662249,0.216906982726521,0.571140996228003,1.20304448475435,0.465732737443398,0.755738708964946,1.09683384555472
2026-10-01,5.66093754921875,4.18966945826446,2.43413656706827,0.249328263718024,0.478025632853135,1.0663703337194,0.499327811881157,0.691393978027821,1.0326520874522
2026-11-01,-0.2726562540625,-1.63140497743802,-3.38112452208835,0.242159828751477,0.409632049597066,1.03339229777044,0.492097377306034,0.640025038257931,1.01655904785233
2026-12-01,-5.93046881796875,-7.46239677603306,-9.01245000200803,0.34591475720351,0.451484729985298,0.888191293004433,0.588145183779915,0.671926134322292,0.942439012883292
2027-01-01,-7.50703135234375,-9.02107452190083,-10.4775102208835,0.350737608116436,0.450798857408646,0.889975996971907,0.592231042851045,0.671415562381932,0.943385391540439
2027-02-01,-7.73671883359375,-9.2595043553719,-10.7899600321285,0.360294683379721,0.468809724769558,0.897035855493096,0.600245519250016,0.684696812296916,0.947119768293903
2027-03-01,0.0492187484375,-1.22190083917355,-2.78995986722892,0.285826163926673,0.540472728285999,1.34824557461997,0.534627126067013,0.735168503328318,1.16113977393765
2027-04-01,2.95859376828125,1.72148762272727,0.182730926104418,0.370161788195129,0.640449237264841,1.40522481380891,0.608409227572306,0.800280724036785,1.18542178730143
2027-05-01,9.29453140078125,8.45785142107438,7.1401607373494,0.396111619103228,0.883776425748226,1.68934845846262,0.629373989852796,0.940093838799205,1.29974938294373
2027-06-01,11.3265627265625,10.4884299061983,9.31646600080321,0.464800706766909,1.26542573895833,1.85904241086129,0.681762940300299,1.124911436051,1.36346705529004
2027-07-01,16.8046877421875,15.9140498016529,14.9341367429719,0.379820286688177,1.17565247196615,1.64032199359713,0.616295616314263,1.08427509054029,1.28075055869483
2027-08-01,19.96093771875,19.0202481157025,17.8542170040161,0.39594242116159,1.05622728523728,1.51055673549371,0.62923955784867,1.02772918866659,1.22904708432741
2027-09-01,15.36093771875,14.0991737768595,12.6662652409639,0.234997517224582,0.581659046473203,1.27942191750889,0.484765424947553,0.762665750163991,1.13111534226572
2027-10-01,8.20859390390625,6.74462816115703,5.06064263212851,0.226303593200166,0.524556087095793,1.13110608387487,0.475713772346529,0.724262443521541,1.06353471211563
2027-11-01,-0.44765625453125,-1.8495867977686,-3.59799200361446,0.262986596848179,0.400352521194474,0.989471788466453,0.512822188334494,0.632734163132096,0.994721965408653
2027-12-01,-1.84687502171875,-3.3644628392562,-4.98875506385542,0.340620080750986,0.44412606767601,0.864469826941001,0.583626662131697,0.666427841312179,0.929768695397409
2028-01-01,-5.20390632265625,-6.68305789338843,-8.15020091044177,0.356126345687763,0.463653687700021,0.865816617012646,0.596763224141504,0.680921205206609,0.930492674346578
2028-02-01,-4.22500003515625,-5.70413228719008,-7.34939769277108,0.342677187519694,0.445377026792648,0.912590460964881,0.585386357476576,0.667365736903422,0.955296006986777
2028-03-01,1.4460937653125,0.106198349834711,-1.47550202578313,0.282976749246556,0.475355622735092,1.10371197363532,0.531955589543485,0.68946038518184,1.05057697178042
2028-04-01,2.7070312721875,1.48595043099174,-0.0546184735742972,0.397351746543801,0.644283127658861,1.38450483082161,0.630358427042743,0.802672490907008,1.17664983356205
2028-05-01,8.13437512890625,7.21570254545455,5.83855426626506,0.438494169020774,0.880333324796845,1.62358824431307,0.662188922453988,0.938260797857848,1.27420102194005
2028-06-01,13.4312501953125,12.5603307561983,11.334939939759,0.473818901082836,1.16090944715902,1.69437909658002,0.688345045077565,1.0774550789518,1.30168317826575
2028-07-01,19.721093921875,18.7830580619835,17.5843375301205,0.435693254699946,1.05892340712955,1.3943100825497,0.660070643719251,1.02904004155793,1.18080907963553
2028-08-01,22.2484377265625,21.1719010330578,19.8016066626506,0.314013287327933,0.66982951630619,1.24209417435567,0.56036888504621,0.81843113107102,1.11449278793345
2028-09-01,14.346093953125,13.0173556487603,11.4377511767068,0.226598808489336,0.483597986358694,1.11042395691814,0.476023957894281,0.695412098225716,1.05376655712645
2028-10-01,8.721093903125,7.17107444793388,5.44337356104418,0.258055520851505,0.579076879294293,1.13819180942092,0.507991654312849,0.760971010810723,1.06686072634666
2028-11-01,0.47265625390625,-0.91859505661157,-2.67269079076305,0.266569271986959,0.408988908615961,0.988767352925901,0.51630346888914,0.639522406656687,0.994367815713029
2028-12-01,0.06171875140625,-1.42727274528926,-3.05421690361446,0.321436400478593,0.46829876897171,0.877411609650219,0.566953614044917,0.684323584988644,0.936702519293195
2029-01-01,-4.74218755703125,-6.22520666239669,-7.61686755060241,0.321985743024128,0.448947052486896,0.892859546243728,0.567437875916058,0.670035112876106,0.944912454274854
2029-02-01,-3.0476562703125,-4.50165292603306,-6.16265067630522,0.340624382261321,0.460495198905396,0.940494553132549,0.583630347275843,0.678597965591849,0.969790984249982
2029-03-01,-0.7976562596875,-2.17603307983471,-3.77630525140562,0.29519132463632,0.492203282483593,1.11149276211038,0.543315124615834,0.701572008053053,1.05427357081091
2029-04-01,4.34921880390625,3.1818182107438,1.66907632562249,0.422834041699077,0.712780090101852,1.43472538064672,0.650256904384011,0.844263045562135,1.1978002256832
2029-05-01,7.3265625609375,6.42024798719008,5.06104422168675,0.431887294689975,0.895812388969184,1.68585541043012,0.657181325579155,0.946473659944736,1.29840494855423
2029-06-01,11.7429690078125,10.9152894504132,9.80321301365462,0.418060419205409,1.24603086437724,1.83692516241657,0.646575919135108,1.11625752601146,1.35533212255025
2029-07-01,18.4898439140625,17.628099392562,16.5526106144578,0.324384203949449,0.875887608470389,1.31395488584028,0.569547367608217,0.935888673117903,1.14627871211162
2029-08-01,21.0320314140625,19.9247936280992,18.5449801044177,0.280147032517363,0.678552859723786,1.28821051597372,0.529289176648609,0.823743200107768,1.13499361935375
2029-09-01,16.332031484375,15.0322316528926,13.4634539718875,0.223769076796441,0.451404915243149,1.07998962003835,0.473042362581239,0.671866739199932,1.03922549046795
2029-10-01,8.786718934375,7.28471081322314,5.51204825381526,0.244625421117274,0.514329622015739,1.08525751812671,0.494596220282034,0.717167778149395,1.04175693812267
2029-11-01,-1.09843751234375,-2.50661159421488,-4.2767068746988,0.271021168763288,0.399624158468505,0.983729460355303,0.520596935030632,0.632158333385319,0.991831366894243
2029-12-01,-3.40625003125,-4.91033063966942,-6.47269083172691,0.3505118276378,0.456033922024637,0.865299624849746,0.592040393586282,0.675302837269796,0.930214827257524
2030-01-01,-5.42109380390625,-6.92148765826446,-8.32088363694779,0.370653942707937,0.459702348013459,0.857304124327707,0.608813553321488,0.678013530848359,0.925907189910364
2030-02-01,-4.5023438125,-5.9747934392562,-7.64899607831325,0.322277956200802,0.456830866844428,0.925170411262841,0.567695302253596,0.675892644466877,0.96185779160063
2030-03-01,-2.8609375234375,-4.29008269049587,-5.90883538714859,0.306966042002955,0.507536116212761,1.1198409684982,0.55404516242176,0.712415690599779,1.05822538643627
2030-04-01,2.881250025,1.76652894305785,0.239357432690763,0.471141728818899,0.77393729146895,1.52304155686494,0.686397646280128,0.879737058142346,1.23411569833016
2030-05-01,7.78437511015625,6.87272731528926,5.50441773534137,0.429202848193985,0.885892108057351,1.66364980467743,0.65513574791335,0.941218416764861,1.28982549388568
2030-06-01,11.5085939609375,10.6743803636364,9.47710862971888,0.387720834731959,1.0290505339599,1.67338529446187,0.622672333359978,1.01442128031696,1.29359394496955
2030-07-01,17.195312671875,16.3450414793388,15.3044178554217,0.276828252805261,0.788211837193645,1.28881104256395,0.52614470709612,0.887812951692892,1.13525813917538
2030-08-01,19.5773439375,18.6442150909091,17.4433736586345,0.324443343011965,0.833597041610539,1.35149830850189,0.569599282840107,0.913015356722185,1.16253959438029
2030-09-01,16.0031251796875,14.7090910950413,13.1839359558233,0.217785435088731,0.525809116937157,1.18119253578524,0.466674870856286,0.725126966080532,1.08682681959236
2030-10-01,8.5039063765625,7.04545461198347,5.32208840040161,0.245575203373628,0.484066404466261,1.06761500338452,0.495555449343086,0.69574880845479,1.03325456852826
2030-11-01,2.502343776875,1.14173554917355,-0.558232937590361,0.238813361660435,0.424350513329105,1.01494204259645,0.488685340132518,0.651421916525001,1.00744331979345
2030-12-01,-4.03437504296875,-5.53719014834711,-7.04979925943775,0.314557102849418,0.456287503873682,0.89734880179884,0.560853905085289,0.675490565347646,0.947284963355188
2031-01-01,-6.567968828125,-8.07975219958678,-9.57991988473896,0.368021057603369,0.477472247269739,0.887659709330064,0.606647391491441,0.690993666591626,0.942156945168937
2031-02-01,-2.84843751875,-4.28801657438017,-5.89959844819277,0.310076281161419,0.511183618910884,1.08036275810599,0.556844934574625,0.714971061589827,1.03940500196314
2031-03-01,-0.22343750296875,-1.47603307528926,-3.04457835036145,0.272044790662894,0.562991676322898,1.37723867883502,0.521579131736397,0.750327712618226,1.17355812759106
2031-04-01,2.7929687765625,1.59793390140496,0.0413654627309237,0.422391108683565,0.664352572577828,1.43598364176117,0.649916232051151,0.815078261627574,1.198325348877
2031-05-01,9.1960939609375,8.28429770619835,6.92289165301205,0.443528006976054,0.905312712898875,1.63773998969106,0.665978983884667,0.951479223577097,1.27974215750324
2031-06-01,13.0640626484375,12.1962812066116,10.9489961606426,0.408304616264891,0.97222670157419,1.59637993017893,0.638987180047371,0.986015568626677,1.26347929550861
2031-07-01,19.2179689375,18.2847109338843,17.0987954056225,0.340855746555272,0.828022516841141,1.27552276084355,0.583828524958546,0.90995742583988,1.12939043773336
2031-08-01,23.6242189296875,22.5185952561983,21.1489961807229,0.311771046936664,0.716540728548573,1.29928325723555,0.558364618270771,0.846487287883624,1.13986106926921
2031-09-01,13.8414064609375,12.5074381859504,10.9678717108434,0.213941323142392,0.588990156682011,1.22759270679834,0.46253791535656,0.767456941255997,1.1079678275105
2031-10-01,8.694531453125,7.20661162727273,5.46746993534137,0.235639224877132,0.501698861017134,1.0895424103566,0.485426848121456,0.708307038661296,1.04381148219236
2031-11-01,4.8710938,3.49421491033058,1.88795182538153,0.25718935877954,0.455900031379589,0.978644587462108,0.507138401996477,0.67520369621292,0.989264670076774
2031-12-01,-2.6164062765625,-4.10413227809917,-5.75301211325301,0.320752331680613,0.436414407283024,0.873952580025278,0.56635000810507,0.660616687106089,0.934854309518482
2032-01-01,-3.1882812765625,-4.67107443966942,-6.11606431445783,0.373483656021165,0.464222086615013,0.842563498679253,0.611133091904836,0.681338452323816,0.917912576817233
2032-02-01,-3.33984376875,-4.80330583099174,-6.45542175502008,0.320210999872049,0.49708446978637,1.03030315580064,0.565871893516589,0.705042175891889,1.01503849966425
2032-03-01,-2.27031251796875,-3.70826450082645,-5.36907636746988,0.306198324067423,0.47071982847434,1.22496730398726,0.553351898946252,0.686090248053665,1.10678241040742
2032-04-01,6.02031254921875,4.81859509090909,3.28433738160643,0.378324317039875,0.583843674223118,1.33503598628178,0.615080740260882,0.764096639321963,1.15543757351134
2032-05-01,11.7468752265625,10.8057853057851,9.4116467437751,0.4691240305612,0.862870983889591,1.51337197623604,0.68492629571451,0.928908490589676,1.23019184529733
2032-06-01,14.2273440078125,13.3615704132231,12.1598395783133,0.441057513939661,1.13034284390124,1.65378395158069,0.664121610806079,1.06317582924991,1.28599531553606
2032-07-01,18.225781421875,17.302892785124,16.1947793694779,0.420826134965694,1.10210791657368,1.4776742181826,0.648711133684088,1.04981327700391,1.2155962397863
2032-08-01,21.154687703125,20.075206838843,18.7995985662651,0.393363677608431,1.03548233359642,1.56213702852392,0.627187115308048,1.017586523887,1.2498548029767
2032-09-01,16.1421877265625,14.8285126157025,13.2550202690763,0.207812498056279,0.490179479836254,1.13103314325705,0.455864561088356,0.700128188145753,1.06350041996092
2032-10-01,9.0351564296875,7.50371908429752,5.7767068935743,0.241195209904184,0.54799445774155,1.14292297704465,0.491116289593599,0.740266477521136,1.06907575832803
2032-11-01,3.79062503046875,2.4198347392562,0.739357439678715,0.243218520103353,0.433878804044445,1.01457381142557,0.493171897114336,0.6586947730508,1.00726054793463
2032-12-01,-2.07187502734375,-3.53719011487603,-5.26586352048193,0.311328734148624,0.422760559734583,0.891370344236966,0.557968398879922,0.650200399672734,0.944124114847707
2033-01-01,-4.88203130703125,-6.36818188264463,-7.81164667389558,0.32683996060902,0.462344381546602,0.911113888434765,0.571699187168409,0.679959102848547,0.95452285904255
2033-02-01,-6.203906315625,-7.69628108760331,-9.20562267309237,0.317543659128952,0.47903180607941,0.937307020973072,0.563510123359778,0.692121236547044,0.968146177482033
2033-03-01,-1.512500019375,-2.92024796528926,-4.5417671188755,0.305511816708663,0.48261737658174,1.11720012353804,0.55273123370103,0.694706683847032,1.05697687937723
2033-04-01,1.95156252375,0.702892570991736,-0.853012057028112,0.380784942255907,0.618622317153528,1.38733970347824,0.617077744093811,0.786525471395255,1.17785385488958
2033-05-01,7.12109381796875,6.21446286818182,4.87148600361446,0.442307435810793,0.977922742561998,1.75680468859083,0.665061978924366,0.98889976365757,1.32544509074908
2033-06-01,12.8000001796875,11.9549589132231,10.8795182795181,0.369763792126133,1.09808728349183,1.65236108646149,0.608082060355453,1.04789659961841,1.28544198097833
2033-07-01,16.883593953125,15.9756200661157,14.9164660843373,0.415240490772801,1.21595920562413,1.67605855221225,0.644391566342081,1.10270540291781,1.29462680036072
2033-08-01,16.1351564296875,15.2045456983471,14.1200805461847,0.364502368959302,1.12417016374971,1.74346615622831,0.603740315830658,1.06026891105498,1.32040378529763
2033-09-01,14.933593953125,13.6309919793388,12.1100403253012,0.215634284473588,0.522147500939796,1.17921336844812,0.464364387602654,0.722597744903619,1.08591591223636
2033-10-01,9.9500001796875,8.50826460578512,6.81445789317269,0.242047225984401,0.495035220923263,1.0838224225078,0.491982952940852,0.703587393948515,1.04106792406058
2033-11-01,2.85937501875,1.47768596859504,-0.222891572931727,0.269045278700789,0.40340044294023,0.956772281065683,0.518695747718052,0.635138129024096,0.978147371854407
2033-12-01,-2.016406269375,-3.51157027520661,-4.99839362248996,0.334768088327757,0.444595876485722,0.861287748984984,0.578591469283602,0.666780231024977,0.92805589755412
2034-01-01,-4.16406254296875,-5.62520668223141,-7.09799205702811,0.323265276026093,0.447702239947549,0.882213787552836,0.568564223308232,0.669105552172113,0.939262363534724
2034-02-01,-4.968750065625,-6.45289262520661,-8.01807240120482,0.321850384133874,0.456941808581339,0.911970520364432,0.567318591387479,0.675974710016092,0.954971476204621
2034-03-01,-1.15390626625,-2.5615702714876,-4.14738959036145,0.2903783308563,0.518973455036866,1.19822907296218,0.538867637603429,0.720398122593935,1.09463650266295
2034-04-01,4.99843757421875,3.93719012892562,2.42811246931727,0.452438490469997,0.706909938519265,1.45291619781513,0.672635481126291,0.840779363756786,1.20536973490093
2034-05-01,10.495312703125,9.55991751900826,8.17429734257028,0.454938500344651,0.837349463243508,1.54014334345522,0.674491290043579,0.915068010173839,1.24102511797917
2034-06-01,14.3257814765625,13.4479340661157,12.172289373494,0.433582025037086,1.01379243039005,1.58741464021587,0.658469456419268,1.00687259888729,1.259926442383
2034-07-01,21.6617189609375,20.6904960702479,19.4140563975904,0.44962534915125,1.03107115447017,1.38871291695182,0.670541086847965,1.01541673930962,1.17843664104262
2034-08-01,21.4609376640625,20.3458680082645,19.0024098594378,0.367595974335768,0.826642653311112,1.32523598770907,0.60629693577963,0.909198907451561,1.15118894526879
2034-09-01,17.0796877109375,15.8702481322314,14.5128515863454,0.237379370054302,0.708073853029891,1.39773745139282,0.487215937808177,0.841471243138998,1.18225946872623
2034-10-01,8.741406434375,7.21818188057851,5.48072295823293,0.239138209611369,0.540248971580562,1.12365918782065,0.489017596423042,0.735016307016764,1.06002791841567
2034-11-01,-0.6351562578125,-2.04504134446281,-3.80281127550201,0.271588960509351,0.397340455900142,0.977371131716874,0.521141977304986,0.630349471246024,0.988620823024113
2034-12-01,-3.20156251796875,-4.67768600909091,-6.32449806064257,0.31621802088829,0.443151489568273,0.888470056012785,0.56233266034287,0.665696244219744,0.942586895735765
2035-01-01,-4.225781296875,-5.7280992231405,-7.14457839799197,0.333424597997058,0.448252808072438,0.875706487345558,0.577429301297621,0.669516846742812,0.935791903868353
2035-02-01,-4.7773438,-6.26074387107438,-7.80803221004016,0.317041719409461,0.461647581222882,0.923483655471289,0.563064578365094,0.679446525653699,0.960980569767822
2035-03-01,-2.56171877265625,-4.00289260371901,-5.60803218915663,0.303168668795523,0.539950134141842,1.21783847871131,0.55060754516763,0.734812992632712,1.10355719322168
2035-04-01,2.62890626953125,1.40289257909091,-0.155823295823293,0.37640194890133,0.610904478816023,1.38384703302908,0.613516054314254,0.7816037863368,1.17637027887867
2035-05-01,8.89765644375,7.9772728785124,6.58714865261044,0.416923625758021,0.789232510388651,1.58394710384961,0.645696233346627,0.888387590181589,1.25854960325353
2035-06-01,12.6601564765625,11.8095043016529,10.6301207040161,0.418478714850078,1.13289693741312,1.74211338836395,0.646899308123048,1.06437631381628,1.31989143052145
2035-07-01,20.20468765625,19.2793390991736,18.1389560160643,0.322340120570999,0.763720795754795,1.22222627005781,0.567750051141344,0.873911205875514,1.10554342748614
2035-08-01,20.1242189296875,19.1136365206612,17.7899600441767,0.33177105481068,0.752634843002773,1.35776167267149,0.575995707284941,0.867545297378052,1.16523030885379
2035-09-01,17.5210939375,16.2152894545455,14.6799198955823,0.198212924901728,0.560802558026291,1.21628871920279,0.44521110150324,0.748867517005706,1.10285480422528
2035-10-01,9.6507814453125,8.18057861115702,6.45180728072289,0.238897026267383,0.50671676363747,1.09879713044502,0.488770934352057,0.711840406016314,1.04823524575594
2035-11-01,2.16171877265625,0.771074393636364,-0.956224912931727,0.263326155252216,0.410280185650425,0.981342174904393,0.513153149899926,0.640531174612465,0.990627162409952
2035-12-01,-3.32265627265625,-4.82933889008264,-6.47791171044177,0.320821246642474,0.426397085086943,0.88253435128484,0.566410846155398,0.652990876725658,0.939432994568979
2036-01-01,-8.0531251359375,-9.60785145041322,-11.0867472248996,0.387391791427254,0.499149690638348,0.892525290419925,0.622408058613683,0.706505265824925,0.944735566399363
2036-02-01,-2.41093751875,-3.86033061322314,-5.34457837951807,0.327753443051183,0.432693678921855,0.887883790934722,0.572497548511068,0.657794556774267,0.942275857132465
2036-03-01,-2.75078126640625,-4.18636366983471,-5.78875508955823,0.298109616391488,0.531970968385523,1.18745370881172,0.545994154173364,0.729363399400822,1.08970349582431
2036-04-01,2.31171877609375,1.06157026438017,-0.474297193012048,0.356318285548968,0.64801912632235,1.42869156807469,0.596924019912893,0.804996351744745,1.19527886623779
2036-05-01,5.50703132109375,4.58760335454545,3.22811248329317,0.413099816275853,0.918683893236183,1.78743235201005,0.642728415643694,0.958479991046335,1.33694889655889
2036-06-01,11.5734376796875,10.7409092958678,9.74578331124498,0.442280972613338,1.43163896656372,2.00483109884876,0.665042083340098,1.19651116441249,1.41592058352464
2036-07-01,16.6281251875,15.7756200743802,14.7919680441767,0.336683036614327,1.02558566494994,1.5084029412652,0.580243945779986,1.0127120345636,1.22817056684534
2036-08-01,20.75546896875,19.6673555661157,18.295582562249,0.289891128887968,0.70154397056701,1.30276262610784,0.53841538693463,0.837582217198413,1.14138627383889
2036-09-01,14.3523439453125,13.0219009958678,11.4831327228916,0.210545631951438,0.582215508813282,1.2301982163138,0.458852516557813,0.76303047698849,1.10914300985662
2036-10-01,7.4726563015625,5.97851246859504,4.22289160040161,0.245309410046765,0.492565394898682,1.09064324783522,0.495287199558766,0.701830032770529,1.04433866529743
2036-11-01,0.56875000734375,-0.846281000495868,-2.56024099678715,0.266102374352363,0.419259980167348,0.968856413041201,0.515851116459355,0.647502880431699,0.984305040646039
2036-12-01,-2.9250000171875,-4.39090913181818,-6.1144579124498,0.272125988740159,0.427551880829885,0.979306309528789,0.521656964623458,0.653874514589677,0.989599065040378
2037-01-01,-5.74687506328125,-7.27024801404959,-8.65903630240964,0.374163405831708,0.480024049370776,0.873557251993905,0.611688978020454,0.692837678948522,0.934642847291898
2037-02-01,-0.69296875578125,-2.11157027157025,-3.78875505943775,0.313099784105561,0.464346902844074,0.932856951760599,0.559553200424733,0.681430042516526,0.96584520072349
2037-03-01,-1.58828127359375,-3.00495870454545,-4.60883538353414,0.298837973368358,0.517402707478485,1.19588940130426,0.546660747967474,0.719307102341194,1.09356728247706
2037-04-01,2.82031252890625,1.67933885950413,0.180321290120482,0.5079306095251,0.908368042324339,1.62045799784674,0.712692506993795,0.9530834393296,1.2729721119674
2037-05-01,7.5968750578125,6.68347113140496,5.34096391646586,0.455738178159474,0.98470490478723,1.74807331503791,0.675083830468094,0.992322984107105,1.32214723652016
2037-06-01,15.3070314375,14.4194216735537,13.1522090441767,0.43798164045291,1.01526438697248,1.53573110447937,0.661801813576323,1.00760328848832,1.23924618396805
2037-07-01,19.1937501953125,18.2561985289256,17.0775102650602,0.384370144193072,0.920895010514192,1.34691153283798,0.619975922268818,0.959632747729147,1.16056517819465
2037-08-01,21.9046877421875,20.952479553719,19.653413875502,0.315095921333846,0.71993157485014,1.30677263112143,0.561334055027705,0.848487816559637,1.14314156215293
2037-09-01,15.39062515625,14.0760332272727,12.5152612449799,0.209360231299346,0.525481329049214,1.16694356655671,0.457558992152209,0.724900909814034,1.08025162187183
2037-10-01,9.650781484375,8.10785138181818,6.38112456546185,0.258267108883055,0.581307527736467,1.16202132836607,0.50819987099866,0.762435261341228,1.07797093113222
2037-11-01,-1.8390625203125,-3.24669424049587,-5.04377515823293,0.254052658243112,0.40034173665101,1.01739051993913,0.504036365992685,0.632725640898968,1.00865778138035
2037-12-01,-1.587500016875,-3.04586779090909,-4.78634543373494,0.311653548110238,0.419173730179352,0.914732173839564,0.558259391421441,0.647436274994962,0.956416318262902
2038-01-01,-3.976562546875,-5.45041327644628,-6.85020088875502,0.352832203001978,0.448402322477294,0.850655253876185,0.59399680386512,0.669628495867145,0.922309738578199
2038-02-01,-1.86953126875,-3.32685953760331,-4.87791170682731,0.311898996860238,0.457076433809203,0.905679501608383,0.558479182118938,0.676074281280691,0.951671950626046
2038-03-01,-1.5929687778125,-3.00165291983471,-4.59558236827309,0.289005298118604,0.525225481747543,1.17292398301594,0.537592129889012,0.724724417794476,1.08301615085646
2038-04-01,4.50234380078125,3.2727273,1.70562250586345,0.363380298460888,0.555352709377597,1.32238763418357,0.602810333737643,0.745219906723913,1.14995114425943
2038-05-01,11.421093953125,10.5103307876033,9.15983954939759,0.467031888016895,0.923917772399602,1.64120341255521,0.683397313439916,0.961206415084503,1.28109461498954
2038-06-01,13.1281251640625,12.260330785124,11.0092371445783,0.403454696210768,0.990203931621165,1.62374493675362,0.635180837408346,0.995089911325185,1.27426250700302
2038-07-01,21.1351565078125,20.1892563471074,18.965863626506,0.419147958698519,0.99963511240368,1.35120908505326,0.647416371972874,0.999817539555933,1.16241519477907
2038-08-01,17.2320315078125,16.3148762190083,15.2437752931727,0.37479266268474,1.12442507942816,1.70924542985182,0.612203122080197,1.06038911698874,1.30738113411959
2038-09-01,17.686718984375,16.3805787190083,14.8301206907631,0.210924580093685,0.496758221371174,1.11872615585909,0.45926526114402,0.704810769902939,1.05769851841585
2038-10-01,8.98984392421875,7.47892569008264,5.73052213654618,0.234148009039267,0.509886014015334,1.09100013482253,0.483888426229919,0.714063032242486,1.04450951878024
2038-11-01,3.35000002890625,1.97148762413223,0.247791165943775,0.261417329685043,0.426860018017491,0.993231008895065,0.511289868553097,0.653345251775423,0.996609757575685
2038-12-01,-4.1046875453125,-5.62561991157025,-7.37510047068273,0.336985746500994,0.434859564281077,0.899216280913366,0.580504734262344,0.659438825275762,0.94827015186252
2039-01-01,-4.107812540625,-5.60413228842975,-6.98795188192771,0.339308579675206,0.446206921222194,0.859693034314064,0.582501999717775,0.667987216361357,0.92719632997228
2039-02-01,-3.034375025,-4.50123972355372,-6.01887556144578,0.327942909921262,0.441699728658495,0.895811625813918,0.572662998561337,0.66460494179512,0.94647325678749
2039-03-01,-3.2992187703125,-4.74214880991736,-6.36907636465863,0.297558439362699,0.52087172495046,1.13343501228043,0.545489174377181,0.721714434489473,1.06462904914361
2039-04-01,2.93125001671875,1.69008266363636,0.108835342811245,0.357755900206694,0.548034023976545,1.33443777325256,0.598126993377405,0.740293201357777,1.15517867589934
2039-05-01,6.56015630390625,5.64256203553719,4.31445788634538,0.446195270904295,1.03606480480369,1.86204826052858,0.66797849583972,1.01787268595031,1.36456889182209
2039-06-01,12.6148439296875,11.7681819958678,10.5554219353414,0.43843933852131,1.12807055326307,1.72973876742634,0.662147520210799,1.06210665813894,1.31519533432351
2039-07-01,20.7000002109375,19.7541324090909,18.6654620481928,0.422362223622215,1.14016963366497,1.46380232234438,0.649894009529412,1.06778726049011,1.20987698645126
2039-08-01,20.5703126484375,19.4892564049587,18.1140563855422,0.294859749827883,0.669344693734947,1.28387425680801,0.543009898462158,0.818134887249619,1.13308175204087
2039-09-01,15.8015626875,14.4590911322314,12.8702813373494,0.211808579724563,0.49014526812541,1.11991966319164,0.460226661249175,0.700103755257326,1.05826256817089
2039-10-01,9.6359376953125,8.15991747396694,6.44337354337349,0.235863690575946,0.504320407667521,1.0921434172503,0.485657997541424,0.710155199704629,1.04505665743552
2039-11-01,1.94687502609375,0.583057859173554,-1.15020081485944,0.241092524306104,0.411952447000584,1.02121973697046,0.491011735405687,0.641835217949735,1.01055417319927
2039-12-01,-0.80546875734375,-2.28099175909091,-3.78313256947791,0.326347818210384,0.447023075685335,0.852295017165767,0.571268604257563,0.668597843015766,0.923198254529203
2040-01-01,-6.52187506328125,-8.0466942946281,-9.46706851927711,0.391643673902574,0.494532635641151,0.887136958051747,0.625814408513078,0.703230144149944,0.941879481702275
2040-02-01,-1.7195312778125,-3.17107440289256,-4.68915667751004,0.325206085511321,0.454678513773193,0.892825523253996,0.570268432855371,0.674298534607034,0.944894450853637
2040-03-01,-0.5101562534375,-1.87479340768595,-3.4955823626506,0.277770058094981,0.535752031387334,1.31332721175639,0.527038953109711,0.731950839460775,1.14600489168083
2040-04-01,4.93359381484375,3.69958681487603,2.14899600136546,0.376579125648391,0.590580772553076,1.31807359588185,0.613660431874494,0.768492532529156,1.14807386342598
2040-05-01,7.73046889296875,6.82024798636364,5.47831331566265,0.44512747763667,0.99465057082852,1.75606010388264,0.667178744892754,0.997321698765508,1.32516417997267
2040-06-01,13.595312671875,12.7396696280992,11.5429721084337,0.408481739419435,1.06920818085816,1.64318629466269,0.639125761817997,1.03402523221542,1.2818682828835
2040-07-01,15.64921896875,14.7863638305785,13.8232933895582,0.361259284399779,1.1405186700492,1.65445525355957,0.601048487561344,1.06795068708681,1.28625629388531
2040-08-01,19.0906252109375,18.0111572190083,16.6742973975904,0.302116112647805,0.80307005221716,1.41385286242406,0.549650900706808,0.896141758996399,1.18905544968435
2040-09-01,19.0835939453125,17.8541323966942,16.4240965582329,0.22689406059317,0.58091649144419,1.25433628876812,0.476333980095028,0.76217877918779,1.11997155712461
2040-10-01,8.0468750625,6.46694219710744,4.68714863574297,0.270541345275633,0.564379820098088,1.11144709865625,0.520135891162716,0.751252168115399,1.05425191422935
2040-11-01,2.033593770625,0.639256205206612,-1.09076306232932,0.271697223540356,0.403971236520216,0.967374022817076,0.521245837911782,0.635587316204639,0.983551738759622
2040-12-01,-1.02578125953125,-2.52190085123967,-4.18514061004016,0.323660812347196,0.445203006294711,0.875302528362816,0.568911954828861,0.667235345507648,0.935576040930301
2041-01-01,-3.6226562765625,-5.10785129049587,-6.46827317108434,0.35168738646408,0.466286639466766,0.873303912957342,0.593032365443978,0.682851842984089,0.934507310274961
2041-02-01,-2.70156252109375,-4.12933888429752,-5.80441773975904,0.319367623713093,0.47677054194233,0.965262683347927,0.565126201580755,0.690485728992518,0.982477828425622
2041-03-01,0.67656250734375,-0.710743813884298,-2.31405625670683,0.289052664724902,0.495817719153939,1.26032587037985,0.537636182492308,0.704143251869916,1.12264236085222
2041-04-01,4.69765631015625,3.4892562338843,1.92449800738956,0.383065343866894,0.579469180665965,1.34088938471311,0.61892272851051,0.761228730846363,1.15796778224315
2041-05-01,10.4054689296875,9.49090927355372,8.12489976184739,0.442253335617767,0.871784305326438,1.63784552380308,0.665021304634496,0.933693903442899,1.2797833894074
2041-06-01,14.0734376640625,13.2194217024793,12.0903616666667,0.410627403272776,1.14696562982768,1.67014867149259,0.640802156108089,1.07096481260015,1.29234231977932
2041-07-01,18.84843765625,17.9330580661157,16.8690764819277,0.356847894193046,1.04081139399215,1.50037053657872,0.597367469982293,1.02020164379016,1.22489613297566
2041-08-01,23.185156453125,22.2264465165289,21.0345383453815,0.432455148400754,1.09655917089967,1.4445280982739,0.657613220974726,1.04716721248312,1.2018852267475
2041-09-01,16.2039064375,14.8966944256198,13.3518073855422,0.215338942421413,0.532188225349092,1.17492603026636,0.464046271853803,0.729512320217481,1.08394004920307
2041-10-01,10.4101564609375,8.93842994173554,7.20923702851406,0.242809482886487,0.497894699659628,1.06930955422889,0.492757022158474,0.705616538680627,1.0340742498626
2041-11-01,4.49140630546875,3.11404960495868,1.44578314931727,0.238901954307346,0.447519635275199,0.998459983251653,0.488775975583238,0.668969083945737,0.999229694940885
2041-12-01,-2.3281250234375,-3.81776862809917,-5.37269083092369,0.335423226702758,0.429848957829985,0.859977032466983,0.579157341922519,0.655628673739934,0.927349466202997
2042-01-01,-5.89609380390625,-7.41694224917355,-8.84377526787149,0.342268109204,0.478840435463508,0.910697054898435,0.585036844313245,0.691982973391331,0.954304487518756
2042-02-01,-2.82421876875,-4.31198351363636,-5.88514062690763,0.336337968494096,0.45948238202086,0.953770270640324,0.579946522098457,0.677851297867652,0.976611627332137
2042-03-01,0.1398437525,-1.24793390024793,-2.82530123333333,0.287770059098425,0.515784108199583,1.18165568786437,0.536442037035154,0.718181111001663,1.08703987409127
2042-04-01,2.846093771875,1.63636365479339,0.0542168665863454,0.407858628479332,0.612614116728783,1.4040245240686,0.638638104468667,0.782696695233079,1.18491540798008
2042-05-01,13.0109376796875,12.0847109256198,10.6883536116466,0.474052656668456,0.855408412852932,1.50208163648384,0.688514819498067,0.924882918456673,1.22559440129426
2042-06-01,14.1039064375,13.2384300082645,12.0598395742972,0.363685331397791,0.943205814691046,1.53112261012778,0.603063289711612,0.971187836976476,1.23738539272442
2042-07-01,20.5335939375,19.5863638347107,18.3666668835341,0.35705154064976,0.826493740701782,1.24513442876361,0.597537898923374,0.909117011556698,1.11585591756445
2042-08-01,24.24296896875,23.1483472933884,21.7690765261044,0.305776961171432,0.65844120536005,1.24875761270907,0.552971031041801,0.811443901548376,1.11747823813669
2042-09-01,15.676562703125,14.4987605330579,13.183935939759,0.235351874950951,0.748919624152283,1.46780538365413,0.485130781285779,0.865401423705949,1.21153018272519
2042-10-01,9.96484396875,8.48264480785124,6.74016071365462,0.239777923179306,0.500029610157537,1.08015483682507,0.489671239893978,0.707127718419761,1.03930497777364
2042-11-01,-0.9054687615625,-2.34008266404959,-4.10562252690763,0.27674151983317,0.401249783030419,0.969484406816953,0.52606227752346,0.633442801703847,0.984623992606799
2042-12-01,-1.6539062665625,-3.14214877933884,-4.8819277626506,0.316520055105808,0.434315695920581,0.967051146149449,0.562601150999363,0.659026324148422,0.983387586940902
2043-01-01,-5.782031296875,-7.31570254958678,-8.71606441445783,0.377233652682099,0.48979391678272,0.874257035130967,0.614193497753028,0.699852782221175,0.935017130929144
2043-02-01,-3.307812521875,-4.79008269917355,-6.34698801807229,0.340725894616145,0.447370121198875,0.884678437553464,0.583717307106912,0.668857324994557,0.940573462071657
2043-03-01,0.0328124990625,-1.37727274429752,-2.98714862385542,0.299229831306103,0.498692958785365,1.21435032283334,0.547019041081846,0.706181958694333,1.10197564529954
2043-04-01,6.40312504921875,5.26570253719008,3.74578317373494,0.447234229453753,0.679275241240026,1.382492260781,0.668755732277304,0.824181558420246,1.1757943105752
2043-05-01,8.6429689078125,7.7260331661157,6.34658640160643,0.419162814008493,0.835875559632462,1.63193389358532,0.647427844634824,0.914262303517137,1.27747168015002
2043-06-01,17.017968921875,16.1272729297521,14.8803215220884,0.452036808538529,1.10373440467764,1.54819992669082,0.672336826701118,1.05058764730871,1.24426682294869
2043-07-01,17.9585939375,17.0615704545455,16.019277313253,0.389689263484405,1.12262486202822,1.52349786336006,0.624250961941113,1.05953992941664,1.23430055633142
2043-08-01,18.8015626796875,17.8735539256198,16.76104437751,0.402044704158613,1.10518978027519,1.5362585871358,0.634069952101985,1.05128006747735,1.23945898969502
2043-09-01,16.0453126953125,14.7371902561983,13.234939939759,0.209899130979489,0.589980425445088,1.27752425383808,0.458147499152281,0.768101832731239,1.13027618476109
2043-10-01,6.44843754921875,4.90000005578512,3.09277111036145,0.254170783225898,0.506473033775947,1.10414111061893,0.504153531402784,0.711669188440772,1.05078119064767
2043-11-01,-1.08437501453125,-2.48925622107438,-4.27670687670683,0.257234260111222,0.390589491260933,1.01082625464278,0.507182669371915,0.624971592363151,1.00539855512268
2043-12-01,-1.47031251703125,-2.96157027107438,-4.57068277028112,0.321001486719982,0.433413292432361,0.872806423670822,0.566569931005857,0.658341319098506,0.934241095044969
2044-01-01,-4.58906255,-6.09090916528926,-7.44297199638554,0.339721951181115,0.458423250320651,0.899638067879649,0.582856715823979,0.677069605225822,0.948492523892334
2044-02-01,-4.33203129375,-5.81074385619835,-7.48634547751004,0.311800573198829,0.494904825278296,0.955216134314089,0.558391057592105,0.703494722992501,0.977351591963757
2044-03-01,-1.267187511875,-2.62231407727273,-4.25702814457831,0.281119593100395,0.514354796486406,1.30173470576921,0.530207122830686,0.717185329246497,1.14093589029762
2044-04-01,3.278906278125,2.03057852884298,0.461445792690763,0.351756288400594,0.562712529331369,1.35745923723222,0.593090455496119,0.750141672840117,1.16510052666378
2044-05-01,7.14687506328125,6.22272731983471,4.93092374738956,0.460147599689976,1.14217839760092,1.96311248024195,0.678341801520425,1.06872746647633,1.40111115913119
2044-06-01,10.696094,9.87892580950413,8.70441784136546,0.411244519094677,1.16100640097851,1.8521982688983,0.641283493546089,1.07750007005963,1.3609549106779
2044-07-01,16.2054689609375,15.3276861942149,14.349397815261,0.35390689117881,1.08549587993914,1.60170331413737,0.594900740610406,1.04187133559722,1.26558417900089
2044-08-01,20.532812671875,19.5157026942149,18.2232933815261,0.361434537450931,0.952532498529026,1.50131005312881,0.601194259329654,0.975977714155926,1.22527958161752
2044-09-01,16.446875234375,15.1322316280992,13.5899600321285,0.207391719586795,0.555139338424782,1.18639080388019,0.455402810253511,0.745076733246169,1.08921568290224
2044-10-01,9.7000002421875,8.16198358099174,6.36265067710843,0.266299255118295,0.521204400233953,1.06734942472505,0.516041912172156,0.721944873403747,1.03312604493598
2044-11-01,-0.13515625125,-1.56487605595041,-3.31365464698795,0.288281870265748,0.407516384291144,0.960941854932638,0.536918867489072,0.638370099778447,0.980276417615276
2044-12-01,-0.8242187596875,-2.28016530859504,-4.03413658875502,0.30342458978691,0.413463868838519,0.919192934571521,0.550839894875916,0.64301156197888,0.958745500417875
2045-01-01,-4.2039062953125,-5.70082650826446,-7.0666667497992,0.351401958973928,0.456596815709353,0.867795775215097,0.592791665742635,0.67571948004283,0.931555567432828
2045-02-01,-4.03437504140625,-5.54586782561984,-7.23293179437751,0.333612227839576,0.4933645805919,0.962056351745401,0.577591748417146,0.702399160443619,0.980844713369757
2045-03-01,1.694531271875,0.340495870165289,-1.25742973220884,0.284300570123033,0.514452875157231,1.28842242615624,0.533198434096569,0.717253703481014,1.13508696854304
2045-04-01,4.61953130078125,3.38801656528926,1.8469879697992,0.382371447095239,0.620312257696245,1.37113002478566,0.618361906245233,0.787599046276876,1.1709526142358
2045-05-01,10.0007815,9.10206621694215,7.72329327068273,0.415668633267906,0.799041392700955,1.63477798613592,0.644723687534362,0.89389115260246,1.27858436801641
2045-06-01,14.321875171875,13.4615704752066,12.2518073975904,0.423454727854474,1.06328887773071,1.63605518223877,0.65073399162367,1.03115899730871,1.27908372761081
2045-07-01,18.9781251484375,18.0537192644628,16.9574299277108,0.442037403395797,1.1697993528276,1.5208416993848,0.664858934959738,1.08157262947414,1.23322410752661
2045-08-01,22.3320314921875,21.2896695909091,19.9670684457831,0.334950101488866,0.791469574277429,1.38536266319162,0.578748737785981,0.88964575774711,1.17701430033438
2045-09-01,16.98906265625,15.7148762438017,14.2859439759036,0.223658991633991,0.609404355036003,1.27572901459078,0.472925989594557,0.780643551844248,1.12948174601929
2045-10-01,7.54218755625,6.03140501446281,4.2429719253012,0.247025076161431,0.491125818946552,1.07746050481993,0.497016172937492,0.700803695014911,1.03800795026817
2045-11-01,2.28437502421875,0.892561990413223,-0.836144588353414,0.246368111786419,0.421604205059086,1.01667219039701,0.496354824481861,0.649310561333393,1.00830163661327
2045-12-01,0.1585937509375,-1.36033059743802,-3.02489962409639,0.355673599975886,0.454187457581291,0.845506556255024,0.596383769041283,0.6739343125122,0.919514304540731
2046-01-01,-4.5781250578125,-6.08099179628099,-7.5702812253012,0.330068903651589,0.465114379594679,0.896452049327369,0.574516234454335,0.681992946880449,0.946811517318716
2046-02-01,-4.861718809375,-6.36198352809917,-7.88353423493976,0.334034839345487,0.467096455863667,0.906461784139853,0.577957471917689,0.683444552150112,0.952082866214834
2046-03-01,-1.584375023125,-3.0161157285124,-4.6261044562249,0.299281501326773,0.517208098577899,1.17492066840298,0.547066267765408,0.719171814365593,1.08393757587925
2046-04-01,3.9421875453125,2.69008266157025,1.12248997140562,0.349702293312018,0.550523642275644,1.33425025772322,0.591356316709324,0.741972804269566,1.15509751004979
2046-05-01,8.6742189515625,7.76281003264463,6.37670688473896,0.414527010278203,0.825665165358609,1.62348750913138,0.643837720453068,0.908661193932375,1.2741614925634
2046-06-01,15.8726564765625,14.9983473305785,13.7991969718876,0.398852762684724,0.984478567724189,1.52314452270711,0.631547910046993,0.992208933503518,1.23415741407128
2046-07-01,18.142968953125,17.2376035702479,16.11245,0.328296653863352,0.850986752299499,1.34246539265141,0.572971774054667,0.922489432080118,1.15864808835617
2046-08-01,21.9109377265625,20.8185952231405,19.411245184739,0.269013291855491,0.604590529783079,1.24326014802128,0.518664912882577,0.777554197328443,1.11501576133312
2046-09-01,16.3226564765625,15.032644822314,13.5389560040161,0.218616486306771,0.534158171657508,1.20658119761318,0.467564419419155,0.730861253356277,1.09844489967098
2046-10-01,11.4593752265625,9.99214899173554,8.29638566024096,0.238966524065137,0.513672532464772,1.09333377145365,0.488842023628429,0.716709517492807,1.04562601892534
2046-11-01,0.23828125265625,-1.18181819677686,-2.95301207630522,0.274507264165109,0.39817428447982,0.982420341297128,0.523934408266062,0.631010526441374,0.991171196765285
2046-12-01,-0.75078126265625,-2.26528927471074,-3.94899601606426,0.333542706759597,0.434391824394501,0.876138123919556,0.577531563431469,0.659084079912799,0.936022501823303
2047-01-01,-5.98671880859375,-7.5483472,-8.97068293815261,0.376436380111973,0.497030508867374,0.886838766940829,0.613544114234643,0.705003906987312,0.941721172609403
2047-02-01,-0.58515625796875,-1.99338845041322,-3.66265063654618,0.317336996356546,0.45373204063784,0.921784913779641,0.56332672256564,0.673596348444556,0.960096304429739
2047-03-01,-0.73125000703125,-2.14173555876033,-3.75461850843373,0.288622055620079,0.521279960459176,1.2928112698209,0.537235568089157,0.721997202528636,1.1370185881598
2047-04-01,3.9851563,2.77975208876033,1.21606427220884,0.441431497047256,0.673903681169647,1.41724092547759,0.664403113363608,0.820916366732718,1.19047928393466
2047-05-01,13.0273439140625,12.149173731405,10.8349399289157,0.494285712807717,1.16060102606578,1.81518551080854,0.703054558912548,1.07731194464082,1.34728820629015
2047-06-01,12.863281390625,12.0268597024793,10.8606427534137,0.38990090706213,1.09865316616044,1.72546083039593,0.62442045695359,1.04816657367064,1.31356797707463
2047-07-01,15.065625140625,14.2140498099174,13.2991970040161,0.389675220767838,1.2698432841811,1.80467684775895,0.624239714186656,1.1268732334123,1.3433826140601
2047-08-01,18.4882814375,17.4681820041322,16.1345384056225,0.304349786122201,0.814377503168768,1.43541522393464,0.551679060797309,0.902428669296786,1.19808815365758
2047-09-01,14.97265646875,13.6309919504132,12.0859439718876,0.210033801624188,0.593599804814819,1.23161616528387,0.458294448607211,0.770454284701447,1.10978203503385
2047-10-01,8.7609376609375,7.2214876822314,5.44779121365462,0.245863720388912,0.537378757020719,1.11581166231637,0.495846468565535,0.733061223241769,1.05631986742481
2047-11-01,0.9820312634375,-0.405785128264463,-2.21164660706827,0.278650969738682,0.40519461776935,1.00756544098148,0.52787400934189,0.636548990863508,1.00377559293972
2047-12-01,-1.11328126421875,-2.5954545661157,-4.1907630939759,0.337066323296507,0.440933608072427,0.857857900049238,0.580574132472768,0.664028318727769,0.926206186574695
2048-01-01,-2.28359377015625,-3.73677689628099,-5.07791169437751,0.336500370202019,0.439679213758452,0.871647240814237,0.580086519583087,0.663083112255509,0.933620501496318
2048-02-01,-2.05859378125,-3.5243802,-5.05582334899598,0.31094918776575,0.458448816328665,0.91868573206861,0.557628180569948,0.677088484859007,0.95848095028989
2048-03-01,-0.0234375009375,-1.41859505694215,-3.00120484714859,0.286375499357284,0.533138276155483,1.20270016455442,0.535140635120604,0.730163184607032,1.09667687335624
2048-04-01,4.381250059375,3.1611570431405,1.6333333475502,0.385629933582691,0.66080863109537,1.40618281163441,0.620991089777213,0.812901366154203,1.18582579312242
2048-05-01,9.87734388515625,8.96570266818182,7.61204832048193,0.446962947550559,0.919856263042908,1.70654795732034,0.668552875657983,0.959091373667237,1.30634909473706
2048-06-01,14.815625140625,13.9615704752066,12.806024248996,0.437864142027681,1.16270784038631,1.67564899999041,0.661713036011594,1.07828931200597,1.29446861684261
2048-07-01,19.9046877421875,18.984297714876,17.8485945823293,0.345647110310224,0.841163196077109,1.26508882853041,0.587917605035114,0.917149494944586,1.12476167632544
2048-08-01,22.4054689296875,21.380991946281,20.1100403815261,0.362568299397295,0.883205687644624,1.4238907439275,0.602136445830423,0.939790235980681,1.1932689319376
2048-09-01,16.4062502421875,15.0888431528926,13.5236949759036,0.204055108760028,0.532115656400819,1.1771379382305,0.451724593928676,0.729462580535026,1.08495987862709
2048-10-01,9.524218953125,8.02933895578512,6.28152617188755,0.253975711934218,0.537517486029025,1.10086701895584,0.503960030095858,0.733155840206586,1.04922210182394
2048-11-01,0.4156250028125,-1.00495869066116,-2.78915665502008,0.28227362605315,0.406780304513015,0.962502937844932,0.531294293262359,0.637793308614174,0.981072340780705
2048-12-01,-1.9734375240625,-3.47892565082645,-4.98714865301205,0.340076279745081,0.454865247955494,0.864189030311583,0.583160595158041,0.674436985904164,0.929617679646629
2049-01-01,-4.546093809375,-6.05289262768595,-7.52811253212851,0.350850757750998,0.473207370475651,0.883803359672607,0.592326563435237,0.687900698121212,0.94010816381553
2049-02-01,-3.4406250296875,-4.93429758264463,-6.64417679759036,0.350305138356304,0.477615483774234,0.940782513903709,0.591865811106119,0.6910973041289,0.969939438265972
2049-03-01,-1.79140626859375,-3.22768597727273,-4.87630527630522,0.292917692062255,0.51387762544529,1.27237986982739,0.541218710007567,0.716852582784836,1.12799816924824
2049-04-01,4.63750005,3.5152892946281,1.98995986369478,0.454015762362217,0.735491443932315,1.49598752522613,0.673806917716208,0.857607978001788,1.2231056884939
2049-05-01,11.6164064453125,10.7611572256198,9.49036160722892,0.455713008304784,1.1248750028574,1.83837460493891,0.6750651881891,1.06060124592488,1.35586673568567
2049-06-01,15.842968953125,14.9590911198347,13.6951809317269,0.471603671186187,1.08939834345547,1.60796070632547,0.686734061472261,1.04374246989162,1.26805390513395
2049-07-01,21.7234376484375,20.7595043347107,19.5156628433735,0.418344011097568,0.985905134707477,1.35318105225433,0.646795184813221,0.992927557633223,1.1632631053439
2049-08-01,23.011718921875,22.0318183842975,20.7598395582329,0.323562382357427,0.730311196190279,1.30426775238065,0.568825441025124,0.854582468922853,1.14204542483241
2049-09-01,18.83828146875,17.5471076280992,15.9606427871486,0.209467903395842,0.472543491588234,1.08691253725564,0.457676636279198,0.687417988990857,1.04255097585473
2049-10-01,10.646875171875,9.15247949256198,7.41285148232932,0.238415371161561,0.518105893909801,1.10951167004474,0.488277965058388,0.719795730683227,1.0533335986499
2049-11-01,3.8109375265625,2.4504132446281,0.736546197108434,0.245233774375006,0.415871186030659,1.01071547055545,0.495210838305267,0.644880753341778,1.00534345900068
2049-12-01,-1.4804687728125,-2.95247936239669,-4.61726913052209,0.341426563661911,0.439516654433321,0.86707962324849,0.584317177277813,0.662960522530053,0.93117110310001
2050-01-01,-3.55312502421875,-5.04008271157025,-6.47911652329317,0.339045278193901,0.455440672317152,0.885207311853887,0.582275946776012,0.674863447163314,0.940854564666552
2050-02-01,-2.62343753046875,-4.10578516157025,-5.77751011164659,0.321966048481794,0.47266351693427,0.938927680103012,0.567420521731276,0.687505285022792,0.968982806918168
2050-03-01,0.03359374875,-1.37231406338843,-2.96305224313253,0.29563423528937,0.52059961094263,1.28064552171111,0.543722571988114,0.721525890694596,1.13165609692658
2050-04-01,3.7453125375,2.50619836495868,0.935341378232932,0.353206218622055,0.575936521584172,1.35471372565792,0.594311550133476,0.758904817209755,1.16392170082782
2050-05-01,10.3179689140625,9.40454568636364,8.04377522811245,0.453139183624646,0.913215897718015,1.63989066710303,0.673156136141272,0.95562330325187,1.28058215945055
2050-06-01,13.59765640625,12.7289258181818,11.711245188755,0.337081078494227,1.0635581746238,1.75519563583382,0.580586839752872,1.03128956875545,1.32483796587878
2050-07-01,17.3945314609375,16.5272729090909,15.5248998192771,0.335639179293967,1.01485479336115,1.50123238689938,0.579343748817545,1.00740001655804,1.22524788793916
2050-08-01,22.606250140625,21.5123969256198,20.1108435140562,0.27129924389776,0.612210826261281,1.25137387956677,0.520863939909224,0.782439023989269,1.11864823763629
2050-09-01,15.8789065,14.5400828842975,12.9341367068273,0.210023990748221,0.499009162230559,1.10757995817153,0.458283744800337,0.706405805631975,1.05241624758055
2050-10-01,9.04843767421875,7.59710753223141,5.89919684136546,0.237635331966187,0.497543513686828,1.09895096660935,0.487478545134231,0.705367644343592,1.04830862183298
2050-11-01,2.85000001796875,1.45041324041322,-0.268273094698795,0.274330711732285,0.413630540648264,0.954110331397267,0.523765894014,0.643141151418772,0.976785714165224
2050-12-01,1.1570312646875,-0.288842979008264,-2.008835362249,0.293965929201281,0.41626505303563,0.910486147246407,0.542186249550171,0.645186060788382,0.954193977787749
2051-01-01,-1.82265627390625,-3.28512399297521,-4.71726913614458,0.33845903486885,0.442184432898053,0.856515114505131,0.581772322192153,0.664969497720048,0.925481017906435
2051-02-01,-1.71093752125,-3.18140498719008,-4.85020085461847,0.318462102114175,0.477121686019346,0.944445519978636,0.564324465280546,0.690739955424142,0.971825869165169
2051-03-01,-0.33828125296875,-1.75206613471074,-3.33614461365462,0.297184430723672,0.521759200261995,1.20925287160902,0.545146247096751,0.722329011089819,1.09966034374666
2051-04-01,3.75000003515625,2.50826448231405,0.932128525943775,0.35669292637796,0.570636805362506,1.35138298402157,0.597237746946691,0.755405060455982,1.16248999308449
2051-05-01,10.1609376328125,9.24090926652893,7.82329329437751,0.42239913880425,0.742842381007308,1.51510052470504,0.649922409833859,0.861883043694043,1.23089419720179
2051-06-01,16.349219,15.452066338843,14.1405624578313,0.40724344035452,0.860348502568673,1.46661412204318,0.638156282077141,0.92754973050973,1.21103844779725
2051-07-01,21.9359376953125,20.9909093264463,19.7056227028112,0.338698257505079,0.677095395171814,1.16883927225046,0.581977884034333,0.822858065022039,1.0811287029075
2051-08-01,22.4531251953125,21.4086778966942,20.0726909236948,0.318257900344647,0.734405791595106,1.32312221521584,0.564143510416141,0.856974790524847,1.15027049654237
2051-09-01,20.25781271875,18.9962811735537,17.4670684859438,0.208757368996235,0.531313919584526,1.17197560455711,0.456899736261945,0.728912834010025,1.0825782209878
2051-10-01,11.5929689609375,10.1367770867769,8.45461860843374,0.235304460273298,0.505073402095441,1.09627908707907,0.485081910890622,0.710685163835183,1.04703346989438
2051-11-01,1.6375000140625,0.235123970165289,-1.54176708136546,0.276535434842521,0.39913464022489,0.989054941151769,0.525866365954813,0.631771034651708,0.994512413774594
2051-12-01,-0.65234375703125,-2.10743803561983,-3.88152613333333,0.321726755754184,0.413637395740751,0.91731864889656,0.567209622409726,0.643146480780818,0.957767533849712
2052-01-01,-4.37031255234375,-5.8785124661157,-7.34578321405623,0.362733783289874,0.470656700268868,0.884266497057949,0.602273844102393,0.686044240751913,0.940354452883565
2052-02-01,-2.91015627109375,-4.37892566735537,-6.03654624538153,0.326746434961862,0.509222096621869,1.02442513489994,0.571617385111634,0.713597993706449,1.01213889111126
2052-03-01,-1.1156250134375,-2.54173555826446,-4.13052212329317,0.301171268490158,0.532649254724806,1.17930660748964,0.548790732875619,0.729828236453486,1.08595884244738
2052-04-01,3.42421877578125,2.1760330746281,0.618875509799197,0.350196254292574,0.594029011842942,1.36548907991664,0.591773820215607,0.770732775897679,1.16854143269147
2052-05-01,9.089843890625,8.17314065123967,6.81325307630522,0.425801559375122,0.906703086070558,1.69679948079093,0.652534718904,0.952209580959233,1.30261255973944
2052-06-01,10.130468921875,9.33429768512397,8.29156641526104,0.329379281373175,1.087159107421,1.85150136132056,0.573915744141224,1.04266922243874,1.36069885034145
2052-07-01,19.5390626796875,18.6628101239669,17.6562250763052,0.36050939766255,1.06989754014625,1.5048904841043,0.600424347992776,1.03435851625355,1.22673977847965
2052-08-01,21.4039064609375,20.3495869380165,18.9819279236948,0.293606671370739,0.68964715688776,1.30543824763911,0.541854843450475,0.830449972537636,1.14255776555897
2052-09-01,19.58515646875,18.2966944256198,16.7622491967871,0.208990511073007,0.544802264353241,1.16606901265076,0.457154799901529,0.738107217383248,1.07984675424375
2052-10-01,9.76484396875,8.24297534710744,6.50763059236948,0.238518121604503,0.532004479788177,1.11425607193939,0.488383170885835,0.729386372088331,1.05558328517431
2052-11-01,2.74296876828125,1.34297522132231,-0.402811249558233,0.271603712991389,0.417398591191936,0.987854986460099,0.521156131107933,0.646063921908611,0.993908942740782
2052-12-01,-0.24687500375,-1.74752068429752,-3.44377513253012,0.368179141314961,0.443085114956279,0.855293779698476,0.606777670415582,0.665646388825388,0.924820944669008
2053-01-01,-2.8812500234375,-4.35909095702479,-5.80602415180723,0.355393701988191,0.463008326676737,0.871455476730484,0.596149060209098,0.68044715200869,0.933517796686536
2053-02-01,-0.69843750453125,-2.14338844570248,-3.78313257228916,0.336847936801674,0.441470626093962,0.889311170486795,0.580386023954466,0.664432559477606,0.943032963626826
2053-03-01,0.608593755625,-0.661157030413223,-2.23574299004016,0.298114552241142,0.551928956525771,1.36480601546405,0.545998674211891,0.742919212650858,1.16824912388756
2053-04-01,4.7460937984375,3.5132231768595,1.93614459493976,0.357307469003457,0.53169166389082,1.31683348201574,0.597752012964789,0.729171902839666,1.147533651801
2053-05-01,7.6156250578125,6.69504137809917,5.33574303212851,0.418809049202781,0.91433216025172,1.77399958386256,0.647154579063442,0.956207174336043,1.33191575704418
2053-06-01,13.605468921875,12.7462811694215,11.6301206987952,0.336111534129081,0.952869900881461,1.58582297392166,0.579751269191436,0.97615055236447,1.25929463348402
2053-07-01,17.7906251953125,16.8925621487603,15.8192773333333,0.337234233612363,0.915961072885156,1.3977720303247,0.580718721596233,0.957058552485247,1.1822740927233
2053-08-01,23.4906251640625,22.4078514628099,21.0783134779116,0.328257897588721,0.837987900401395,1.40960837659365,0.5729379526517,0.915416790539367,1.18726929404986
2053-09-01,17.6140626875,16.3082646818182,14.7184740763052,0.21066680807102,0.498769565968417,1.12796382991011,0.458984540122017,0.706236197010899,1.0620564155967
2053-10-01,11.756250171875,10.2479340991736,8.52329332248996,0.233031537992269,0.534788223058364,1.10969728580948,0.482733402606728,0.731292159850195,1.05342170369206
2053-11-01,1.74765627125,0.354545459256198,-1.42449800819277,0.270230688218506,0.393941918106375,0.997340993189728,0.519837174717724,0.627647925278476,0.998669611628254
2053-12-01,-0.3078125053125,-1.78842976834711,-3.29357432971888,0.339466054215552,0.434139436369124,0.846652122740322,0.582637154853303,0.658892583331399,0.920137013025952
2054-01-01,-3.19687502109375,-4.69628104628099,-6.05863459317269,0.342037403439963,0.457040058384842,0.871709433937058,0.584839639080631,0.676047378801843,0.933653808398519
2054-02-01,-3.72421877265625,-5.22396699669422,-6.73935748995984,0.325786796964818,0.468385863912088,0.913686700838862,0.570777361993989,0.68438721781758,0.955869604516674
2054-03-01,2.03359377359375,0.655371910165289,-0.947389568514056,0.297681469355071,0.487294688459107,1.14105164407346,0.545601933056574,0.698064960056804,1.06820018913753
2054-04-01,5.7578125546875,4.81239674173554,3.40803217180723,0.450174697406509,0.987148607104706,1.73687077471694,0.670950592373618,0.9935535250326,1.31790393227919
2054-05-01,10.2375002679688,9.32892583512397,7.95582339638554,0.435905602578936,0.865715968992311,1.62037932207903,0.660231476513303,0.93043858958682,1.27294120919979
2054-06-01,16.7039064609375,15.7942150909091,14.576707064257,0.435181450898298,1.05424029804207,1.59622953607675,0.659682841142846,1.02676204548185,1.26341977825137
2054-07-01,20.9765627109375,20.1004134173554,18.9887552329317,0.304170779257058,0.791410582733945,1.23745360100095,0.551516798707943,0.889612602616412,1.11240891806968
2054-08-01,23.600781421875,22.5557853057851,21.2313255421687,0.345275036540498,0.80073403036262,1.35611158020811,0.58760108623155,0.894837432365578,1.16452203938273
2054-09-01,15.479687703125,14.1260332231405,12.5421688795181,0.211710142962762,0.512141052501767,1.13664208634878,0.460119705036376,0.715640309444463,1.06613417839819
2054-10-01,9.202343984375,7.69628107355372,5.92530124457831,0.238025982160614,0.499197779418454,1.08794597172854,0.487879065097708,0.706539297858551,1.04304648589051
2054-11-01,3.277343771875,1.86570249876033,0.131726908674699,0.297514155605318,0.410727515937384,0.938061941940407,0.545448581999548,0.640880266459643,0.968535978650461
2054-12-01,-1.4984375184375,-3.00000002066116,-4.74056230200803,0.318265264215553,0.429294606970956,0.890323901589921,0.564150036972039,0.655205774525039,0.943569765088899
2055-01-01,-1.8375000259375,-3.29917358429752,-4.76345385983936,0.319212603425199,0.450870695448034,0.886199322299208,0.564989029473315,0.671469057699634,0.94138160291096
2055-02-01,-3.77421877109375,-5.2648760838843,-6.79076313975904,0.320668689403302,0.470586916120516,0.902857919204917,0.566276160016738,0.685993379064635,0.950188359855517
2055-03-01,4.683593803125,3.37975209504132,1.79638555606426,0.292405895733281,0.509754313059914,1.30801109163292,0.540745684895664,0.71397080686812,1.14368312553474
2055-04-01,8.1031251546875,6.90041328595041,5.38313258594378,0.405817044380043,0.631410628569,1.36785953788478,0.63703771032808,0.794613508926824,1.16955527354836
2055-05-01,10.0460939242188,9.23223158471074,8.00441785341365,0.392740480623913,1.06310630679346,1.86018229822691,0.626690099350479,1.0310704664539,1.3638850018337
2055-06-01,12.7773439453125,11.944628322314,10.7662652301205,0.415466905573485,1.12364318551507,1.77022841088724,0.644567223471288,1.06002037033025,1.33049930886387
2055-07-01,21.184375171875,20.2595043595041,19.1144580200803,0.336131914074947,0.848726775728032,1.32212881954932,0.579768845381456,0.921263684146961,1.14983860587011
2055-08-01,22.227343953125,21.209091107438,19.9052210722892,0.346569335851541,0.825892102602951,1.40460973774468,0.588701397867833,0.908786059863899,1.18516232548317
2055-09-01,20.7421876640625,19.4710746033058,17.9228917751004,0.209229826205847,0.515425374212307,1.12693360036938,0.457416469102116,0.71793131580417,1.06157128840666
2055-10-01,12.0679689140625,10.578925822314,8.83453831606426,0.242194219057717,0.496276021271723,1.05646370982329,0.492132318647858,0.704468609145733,1.02784420503464
2055-11-01,5.9406250796875,4.58223145702479,2.87228917951807,0.244163380246081,0.430844819041883,1.03822097442189,0.494128910554807,0.656387704822297,1.01893129033409
2055-12-01,-1.11171876515625,-2.60454547644628,-4.1606426060241,0.346869476327019,0.449979261127878,0.864735089231126,0.588956260113617,0.67080493522922,0.929911334069612
2056-01-01,-2.757812525,-4.29049591404959,-5.79598400080321,0.370332194566931,0.479452883355862,0.877887041233336,0.608549254018877,0.692425363021793,0.936956264311913
2056-02-01,-0.2320312525,-1.67024795404959,-3.29678718353414,0.317784823673229,0.495459697453724,0.980715471349922,0.563724066962932,0.703888980915118,0.990310795331406
2056-03-01,-0.56562500546875,-1.98140497586777,-3.59236950763052,0.301171268725394,0.505586400982409,1.12530447774583,0.54879073308994,0.711045990764598,1.06080369425536
2056-04-01,5.9078125734375,4.68264468099174,3.13855424650602,0.381198330497064,0.595631169636171,1.37149148418151,0.617412609603225,0.771771449093688,1.17110694822527
2056-05-01,9.80000021875,8.88636384380165,7.53293182811245,0.436850469291511,0.92574699746526,1.71028220386942,0.660946646327456,0.962157470201869,1.30777758195705
2056-06-01,15.6859377578125,14.8045456694215,13.5357431767068,0.393501552977555,0.881514510071841,1.49399955525991,0.627297021336428,0.938890041523415,1.22229274531919
2056-07-01,22.1398439375,21.2359505826446,20.0313254899598,0.313596839074957,0.694262342975348,1.15215993510509,0.559997177738385,0.833224065288172,1.07338713198225
2056-08-01,21.7195314375,20.7185952066116,19.4694780963855,0.338591974311177,0.804590509653443,1.40220974813139,0.58188656481412,0.896989693170129,1.18414937745682
2056-09-01,17.7843752265625,16.4735539421488,14.9429721044177,0.219281503198996,0.559214664970511,1.18004105952537,0.468275029442096,0.747806569221287,1.08629694813406
2056-10-01,12.496875203125,11.0533059917355,9.36867488554217,0.224714527263943,0.500009792702747,1.08836970670924,0.474040638831675,0.707113705639162,1.04324958984379
2056-11-01,4.2117188015625,2.84132234338843,1.11405623710843,0.244192306301685,0.426750119637875,1.04605165080399,0.494158179434162,0.653261141992906,1.02276666488696
2056-12-01,0.241406253125,-1.23760332099174,-2.90682732931727,0.356461007951772,0.449492998309524,0.848380631072681,0.597043556159659,0.670442390000456,0.921075800937513
2057-01-01,-3.53359377421875,-5.03636371446281,-6.40281133012048,0.355161799895427,0.44995853188987,0.882290531973086,0.595954528378993,0.670789484033456,0.939303216205015
2057-02-01,-1.76640627875,-3.22603308842975,-4.87429724297189,0.337523987545278,0.463261383942942,0.926030245088755,0.580968146756152,0.680633075851403,0.962304652949758
2057-03-01,0.14140625125,-1.26280993082645,-2.86947794393574,0.298350766974409,0.506246024276672,1.13156468717464,0.546214945762572,0.71150967967883,1.06375029361906
2057-04-01,6.44921880625,5.34586782355372,3.82289160289157,0.439526943986234,0.700335561612098,1.43596583660786,0.662968282790538,0.836860538926348,1.19831791967235
2057-05-01,12.4476564921875,11.5438018140496,10.1755022369478,0.451805511183748,0.871600432625903,1.56984115662021,0.67216479466255,0.933595433057544,1.2529330216018
2057-06-01,16.7750002109375,15.9037192355372,14.6578315421687,0.506614196456861,1.17869991071997,1.63148077608839,0.711768358707284,1.08567946960416,1.27729431850627
2057-07-01,18.6742189453125,17.8185951942149,16.8164661044177,0.285235615465217,0.88002628439024,1.43452610558057,0.534074541113146,0.938097161487146,1.19771703902907
2057-08-01,23.73828146875,22.6991737355372,21.4068274819277,0.357026986860409,0.897592628977208,1.43370323543219,0.59751735276928,0.947413652517847,1.19737347366316
2057-09-01,18.6757814375,17.394628285124,15.8598395823293,0.219960014468658,0.48034446312213,1.13491288980779,0.46899894932575,0.693068873289033,1.06532290400976
2057-10-01,9.632031453125,8.03553733801653,6.2413655060241,0.281879313459809,0.556242342078222,1.10299973142312,0.530923076782135,0.745816560608721,1.05023794038452
2057-11-01,1.78125002359375,0.343801658429752,-1.42208837092369,0.301220476986222,0.406870143692741,0.954550478482318,0.54883556461496,0.637863734423537,0.97701099199667
2057-12-01,0.4593750078125,-1.01322315338843,-2.51044179534137,0.326525605364174,0.448123194456021,0.861906663752432,0.571424190391144,0.669420043362925,0.92838928459587
2058-01-01,-4.0789062875,-5.58057856322314,-6.9987952746988,0.353173606751977,0.462069373220067,0.871974456333119,0.594284112821449,0.679756848601077,0.933795725163228
2058-02-01,-2.57187502265625,-4.06280996115702,-5.69839364136546,0.322509842859254,0.520768866243279,1.0556425971104,0.567899500668255,0.721643170994696,1.02744469296911
2058-03-01,1.08906251734375,-0.28553719446281,-1.90080323686747,0.276887313547737,0.525640594107678,1.29645100519284,0.526200830052308,0.725010754477255,1.13861802427014
2058-04-01,5.0078125453125,3.79545458347107,2.25381527718875,0.393481796924224,0.657448151135428,1.41088257605376,0.627281274169909,0.810831765001488,1.18780578212676
2058-05-01,8.9343751453125,8.02561996652893,6.67991974939759,0.431564991978468,0.955191599793655,1.78677264467907,0.656936063843711,0.977339040350714,1.33670215256768
2058-06-01,12.3367189453125,11.5132233471074,10.3502009759036,0.408798614480965,1.14546753372672,1.81420368242986,0.639373611029549,1.07026516981854,1.34692378493732
2058-07-01,19.0453126640625,18.1566117438017,17.0650604176707,0.31194641887317,0.825371056980358,1.29365333698032,0.558521636889002,0.908499343412177,1.13738882400889
2058-08-01,22.7820314609375,21.6975208471074,20.3377512289157,0.298021006656172,0.716342334522288,1.32856902554105,0.545913002827531,0.846370093116651,1.15263568639056
2058-09-01,14.9710939453125,13.6194216528926,12.0634540200803,0.20947280567191,0.57476648321402,1.2245058469622,0.457681991858878,0.758133552360018,1.10657392295418
2058-10-01,9.31406270546875,7.85702488429752,6.13935749919679,0.236178692916009,0.489016915112716,1.08602539494755,0.485982194031849,0.699297443948364,1.04212542188911
2058-11-01,0.5796875090625,-0.857438027438017,-2.64096388289157,0.295174719709647,0.399135328858819,0.967831343864169,0.543299843281449,0.631771579654244,0.983784195778815
2058-12-01,-0.7781250078125,-2.23099175446281,-4.04859440963855,0.309911423809056,0.399242993658038,0.987750069575082,0.556696886832552,0.631856782552849,0.993856161411238
2059-01-01,-1.12656251234375,-2.61446283016529,-3.98514059718875,0.323383374835139,0.440661325325951,0.876431562092248,0.56866807087715,0.663823263622141,0.936179236093307
2059-02-01,-2.92343751875,-4.42396699380165,-6.08995990160643,0.324013287303151,0.504070535918533,0.98348753995824,0.569221650416734,0.709979250343651,0.991709402979643
2059-03-01,0.19765625109375,-1.22231406396694,-2.83333336064257,0.295348798737451,0.51161620974658,1.13948928580646,0.543460024967293,0.715273520932084,1.06746863457736
2059-04-01,5.63046880859375,4.43347112809917,2.87068275598394,0.396465926125752,0.594186267333094,1.36449996823235,0.629655402681302,0.770834786016494,1.1681181311119
2059-05-01,11.3546876484375,10.4599175702479,9.13453832289157,0.443127497810167,0.965482220397275,1.77718955459173,0.665678223926671,0.982589548284163,1.33311273138911
2059-06-01,17.9281251875,17.0227274504132,15.834939935743,0.400462534252122,0.979937745416971,1.48389514282953,0.632821091819893,0.989918049849062,1.21815234795551
2059-07-01,21.3437502109375,20.4305786818182,19.3136548393574,0.351929115256073,0.952339080086558,1.34739341046461,0.593236137854121,0.97587861954577,1.16077276435339
2059-08-01,21.55625015625,20.6305786818182,19.4915664497992,0.390354375984385,1.05499464274216,1.51908178440551,0.624783463276986,1.02712932133308,1.23251035874167
2059-09-01,19.5929689609375,18.3347109710744,16.8449801164659,0.229635205155187,0.494059842049489,1.1645009600468,0.479202676490008,0.70289390525846,1.07912045668998
2059-10-01,12.453906484375,10.9880167520661,9.25662675100402,0.243606650713764,0.488362088913449,1.06125639740593,0.493565244637184,0.698829084192586,1.03017299392186
2059-11-01,5.07968755625,3.68429756652893,1.9506024351004,0.298796753799226,0.411785636875974,0.935009732971436,0.546623045433712,0.641705257011328,0.966959013077305
2059-12-01,-0.345312505625,-1.86487604892562,-3.61365465341365,0.357458178100394,0.437723846766573,0.877796704353226,0.597878062902791,0.661607018377657,0.936908055442596
2060-01-01,-2.96250002578125,-4.45578518305785,-5.91244987228916,0.3324409413189,0.457580524277988,0.895126670118237,0.576576917088171,0.676446985563531,0.946111341290356
2060-02-01,-3.43515626875,-4.94008270371901,-6.5867470626506,0.323714936112207,0.538428222160777,1.06325118215026,0.568959520627089,0.733776684121795,1.03114071888868
2060-03-01,-0.600781255,-2.0330578731405,-3.64618477028112,0.299763169905512,0.528114260247593,1.25862452355455,0.547506319511942,0.726714703475575,1.12188436282647
2060-04-01,2.5656250171875,1.32190084983471,-0.207228917108434,0.386840555679135,0.727526683750696,1.49535078589759,0.62196507593203,0.852951747609849,1.2228453646711
2060-05-01,9.567968921875,8.65909104917355,7.27429728192771,0.4062887439716,0.816203387857522,1.63482067282523,0.637407831746363,0.903439753308167,1.27860106085723
2060-06-01,13.1742189296875,12.3309919297521,11.1248998192771,0.358936387881546,0.93957497290575,1.66397434980261,0.599113000928495,0.969316755712884,1.28995129745375
2060-07-01,19.9960938984375,19.0747936280992,17.9795182931727,0.421795649003572,1.11766075847897,1.47776423153923,0.649457965540167,1.05719475901036,1.21563326358702
2060-08-01,23.2812502109375,22.2884299297521,21.0281126787149,0.353818881988357,0.823351088385319,1.39509347922028,0.594826766368458,0.907386956256987,1.18114075334834
2060-09-01,18.3804689609375,17.0830580454545,15.5253014578313,0.210245452989833,0.497014651380425,1.14173637186183,0.458525302453238,0.704992660515289,1.06852064643685
2060-10-01,10.8203126796875,9.34049606735537,7.58032137751004,0.248245623351527,0.488726702174296,1.06360318186461,0.49824253466713,0.69908990993598,1.03131138937986
2060-11-01,4.47343756328125,3.11157027066116,1.38634540136546,0.249367625750507,0.409326162317482,1.01303862450039,0.499367225346745,0.639786028541951,1.00649819895536
2060-12-01,-1.76171878265625,-3.26157027231405,-4.8441767626506,0.338916713630169,0.444367650868286,0.877072834825768,0.582165537995998,0.666609068996429,0.936521668102649
2061-01-01,-5.02656256328125,-6.55785130909091,-8.0686748064257,0.363383355194405,0.48311237477523,0.898208451974423,0.602812869134697,0.695062856708103,0.947738598968314
2061-02-01,-3.3109375171875,-4.83057856487603,-6.51927717590361,0.334840059306104,0.503791387599889,0.986481746579892,0.578653660928629,0.709782634050657,0.993217874678004
2061-03-01,0.43671875484375,-0.802892569090909,-2.37349400353414,0.259664744326526,0.568497834691541,1.37050431582939,0.509573100081358,0.753987953943258,1.17068540429502
2061-04-01,4.32265630390625,3.10413225016529,1.53333334706827,0.397829120963349,0.631518128195331,1.40368281550538,0.630736966542591,0.794681148760515,1.18477120808423
2061-05-01,8.71953150703125,7.80991748264463,6.46626512771084,0.435127492833603,0.97641589160258,1.7717606146755,0.659641942900543,0.988137587384763,1.33107498461788
2061-06-01,11.807812703125,11.0107440190083,9.90803231084337,0.46245810467536,1.40411644657882,2.02477406191004,0.680042722683921,1.18495419598346,1.42294555830855
2061-07-01,17.365625234375,16.4801655123967,15.4690765100402,0.349675157972622,1.03462577564573,1.55343502300185,0.591333372956932,1.01716555960459,1.24636873476586
2061-08-01,23.8976564375,22.8652894710744,21.5951809558233,0.365427521161571,0.880117999842424,1.43400891784899,0.60450601416493,0.938146043983784,1.19750111392391
2061-09-01,19.021875171875,17.7504134504132,16.2437752891566,0.209596427067073,0.562178204698232,1.21610008181775,0.457817023566263,0.749785439107904,1.10276927859718
2061-10-01,10.0906251796875,8.55785139710744,6.7570281746988,0.259753860088731,0.503195480399976,1.07117020417479,0.509660534168314,0.709362728369609,1.03497352824833
2061-11-01,3.3125000203125,1.89628100966942,0.168273093012048,0.280472450984255,0.403347110061591,0.939916783854321,0.529596498274162,0.635096142376562,0.969493055083078
2061-12-01,1.570312515625,0.107851241818182,-1.50883535975904,0.33895423558071,0.443465085794452,0.924921644726067,0.582197763290714,0.665931742594128,0.961728467253656
2062-01-01,-2.57578127109375,-4.07024796446281,-5.45742978554217,0.367361584140011,0.478447260183814,0.86729338981217,0.60610360842022,0.691698821875398,0.931285879744867
2062-02-01,0.89296876171875,-0.547933891570248,-2.17991969759036,0.324123411969243,0.437526844404239,0.919191945573911,0.569318374874062,0.661458119917081,0.958744984640812
2062-03-01,3.2382812703125,1.87148762545455,0.259839360401606,0.290255286739667,0.517565415885739,1.21709033039409,0.538753456359834,0.719420194243767,1.10321816989845
2062-04-01,8.03281261328125,6.89586782438016,5.37991973253012,0.415292898806687,0.615999435602359,1.35330484561181,0.644432229801309,0.78485631525927,1.16331631365326
2062-05-01,10.8914064453125,9.97355389917355,8.6072291124498,0.428508191375651,0.883779072397527,1.64946391146537,0.654605370720139,0.940095246449809,1.28431456873515
2062-06-01,16.7164064140625,15.8355374214876,14.6638556345382,0.414453119574449,1.07964477255256,1.57046258397802,0.643780334877083,1.03905956160008,1.25318098612212
2062-07-01,21.9859376953125,21.0388431983471,19.8534138273092,0.404367584276733,0.971762988539662,1.33556294274208,0.635899036228813,0.985780395696558,1.15566558430286
2062-08-01,22.5500001640625,21.5219010371901,20.2522090522088,0.377322877952894,0.98669677587548,1.52726319073407,0.614266129583012,0.993326117584492,1.235824902943
2062-09-01,15.6890627578125,14.3367770619835,12.8052210441767,0.212162913558264,0.592791241271038,1.224448344491,0.460611456173491,0.769929374209763,1.10654794043955
2062-10-01,9.8414064453125,8.37148772355372,6.62891572329317,0.244807533895336,0.486528130631757,1.07585407772446,0.494780288507268,0.697515684864331,1.03723385874376
2062-11-01,5.06640630625,3.68429755991736,1.9738955984739,0.258311400777573,0.420997242476603,0.991372277979921,0.508243446369526,0.64884300294956,0.995676793934619
2062-12-01,2.057812520625,0.561157034628099,-1.10040161606426,0.372536911864175,0.456410288655397,0.837620814586411,0.610358019414978,0.675581444872043,0.915216266565674
2063-01-01,-2.63593752109375,-4.13099177603306,-5.58755025783133,0.338540844141242,0.460155894838321,0.888755642726079,0.581842628329381,0.6783479157765,0.942738374484713
2063-02-01,0.271875000625,-1.1975206768595,-2.74618476104418,0.338100394492126,0.432690936496006,0.893785798604744,0.581464009627532,0.657792472209895,0.945402453246629
2063-03-01,3.9203125453125,2.55330580280992,0.965461858714859,0.289977876727373,0.501918484313708,1.23928621126752,0.538495939378722,0.708462055662622,1.1132323258276
2063-04-01,6.903125065625,5.69173559008264,4.12329322104418,0.374005902263795,0.551881625086944,1.31284237782862,0.611560219654447,0.742887356930338,1.14579333993029
2063-05-01,8.68984401171875,7.77644642933884,6.3991968626506,0.41540795634246,0.859982469762804,1.69451553978886,0.644521494088801,0.927352397830945,1.30173558750956
2063-06-01,14.1695314765625,13.3359505991736,12.2666668393574,0.420717962537086,1.26156526211393,1.82352151129047,0.648627753443442,1.12319422279227,1.35037828451529
2063-07-01,17.7632814921875,16.9293390330579,16.0108435662651,0.303601757099102,1.01726842869602,1.59419646955904,0.55100068702235,1.00859725792608,1.26261493320768
2063-08-01,21.0015626953125,20.0797522727273,18.9092371164659,0.326454263164529,0.847928598127801,1.42487401550085,0.571361762077695,0.920830385102382,1.1936808683651
2063-09-01,17.8671877109375,16.566942338843,15.0160644738956,0.212143219463751,0.526288526271545,1.17264417837496,0.460590077469924,0.725457460001305,1.08288696472668
2063-10-01,11.7601564140625,10.2161158842975,8.4903615939759,0.251549588570512,0.568992335859688,1.14539069895659,0.50154719475889,0.754315806449585,1.07022927401402
2063-11-01,6.64062506328125,5.25413228842975,3.60000004457831,0.246840544581708,0.441912306948335,1.00588714008065,0.496830498844131,0.664764850867083,1.00293925044374
2063-12-01,-0.5546875059375,-2.07768597396694,-3.787951837751,0.340450302715552,0.432778023014988,0.880660740261374,0.583481193112127,0.657858664923544,0.938435261625102
2064-01-01,-1.090625011875,-2.56322316033058,-3.924899637751,0.339596465358269,0.465986247317309,0.850990443314232,0.582749058650693,0.682631853430023,0.922491432650858
2064-02-01,-1.0289062634375,-2.49173556280992,-4.14457834457831,0.323961009539863,0.50408079392888,0.994899943901094,0.569175728171769,0.709986474468972,0.997446712311537
2064-03-01,2.41328127578125,1.15578513793388,-0.423293175341365,0.275176553128693,0.527290055839581,1.32550365048245,0.524572733878433,0.726147406412487,1.15130519432618
2064-04-01,4.0203125453125,2.78884299892562,1.24056226040161,0.40052905546753,0.69062190136573,1.46588841936592,0.632873648896468,0.831036642613146,1.21073879072487
2064-05-01,10.2734377289063,9.36281013842975,7.9867471060241,0.42684806532744,0.847075977740987,1.64994469274007,0.653336104411382,0.920367305884442,1.28450172936438
2064-06-01,14.7109377578125,13.8615704545455,12.6658636626506,0.389958236048421,1.02777012924813,1.664515619789,0.62446636102229,1.0137899828111,1.29016108288423
2064-07-01,20.902344,19.9690084834711,18.793172875502,0.347159789960819,0.787458801114674,1.24838064194535,0.589202673076777,0.887388754219183,1.11730955511235
2064-08-01,23.4203127265625,22.4128101404959,21.1345383493976,0.331395145841712,0.727262672501117,1.28928625847924,0.575669302500761,0.852796970269664,1.13546741850184
2064-09-01,17.2726564375,15.9442151280992,14.3891568072289,0.209561365256059,0.536999570258411,1.18330938898188,0.457778729580197,0.732802545204649,1.08780025233582
2064-10-01,10.2468752265625,8.7842976714876,7.06224908072289,0.245502006939153,0.479254564833292,1.06703689264254,0.495481590918525,0.692282142506429,1.03297477831869
2064-11-01,4.017187546875,2.62396696752066,0.858232941204819,0.276395201683081,0.412784199606737,0.973248496447986,0.525733013689536,0.642482839931727,0.98653357593545
2064-12-01,0.89375001328125,-0.591322320578512,-2.31526106891566,0.322007884734253,0.431584144709236,0.880169399177876,0.567457385831089,0.656950640999182,0.938173437685099
2065-01-01,-3.29140627265625,-4.80123972933884,-6.23775106425703,0.370240546967278,0.485102199100525,0.877682005361784,0.608473949292225,0.696492784672264,0.936846841998085
2065-02-01,0.522656256875,-0.916942160743802,-2.56746991116466,0.32601809463878,0.459753283617504,0.91583270671279,0.570979942413724,0.678051092188121,0.956991487272897
2065-03-01,3.7531250296875,2.38305787322314,0.81204820064257,0.294163385797249,0.514110113984844,1.25727363789701,0.542368311940557,0.717014723687627,1.12128214018462
2065-04-01,6.34453131796875,5.1053719607438,3.54216870963855,0.356032843780774,0.538601732336697,1.32486789081423,0.596684878123096,0.733894905512156,1.15102905732837
2065-05-01,10.1632814710938,9.24173570289256,7.83413666546185,0.416042737427583,0.765927303847394,1.55516079874896,0.645013749797307,0.875172728007103,1.24706086409163
2065-06-01,14.5351564296875,13.6847109504132,12.4469881365462,0.415368453998672,1.0300142252325,1.65290406710081,0.644490848653937,1.01489616475406,1.28565316749923
2065-07-01,23.0000002109375,22.068595231405,20.8417672690763,0.393700749606467,0.912038678852046,1.29502271900521,0.627455775020413,0.955007161675788,1.13799064978813
2065-08-01,23.6031251953125,22.6516531033058,21.4473897429719,0.358257904281654,0.887652813171869,1.36468066392359,0.598546492999211,0.94215328539037,1.16819547333637
2065-09-01,19.44375021875,18.1404960826446,16.5851407991968,0.212874007480487,0.498602207818831,1.12627025255556,0.46138271259388,0.706117701108555,1.06125880564336
2065-10-01,12.9835939296875,11.4867770454545,9.71164679196787,0.253508220706349,0.517085954939969,1.06466228873802,0.503495998699443,0.719086889701077,1.03182473741329
2065-11-01,5.8437500515625,4.4859504768595,2.79839359445783,0.233188975610249,0.423370273102446,1.03257806536229,0.482896443981781,0.650669096471045,1.01615848437254
2065-12-01,-0.0117187503125,-1.52190084140496,-3.20642572891566,0.34497970489813,0.439559864138062,0.86391017174181,0.587349729631444,0.662993110173901,0.929467681924342
2066-01-01,-2.4742187703125,-3.98016534008264,-5.34939765180723,0.36397576479577,0.473546903553387,0.862348428092708,0.60330404009568,0.688147443178703,0.928627173893112
2066-02-01,-2.106250021875,-3.59462814421488,-5.23694785261044,0.342322830590553,0.445987653717988,0.914677771575351,0.585083609914474,0.667823070669162,0.956387877158296
2066-03-01,0.49609375671875,-0.935950421239669,-2.5357429951004,0.298646052359991,0.52803831197291,1.2442414964557,0.546485180366303,0.72666244706391,1.11545573487059
2066-04-01,4.75859380703125,3.58512400247934,2.00361448216867,0.45299643889396,0.669072414592785,1.44744658658123,0.673050101325273,0.817968467969753,1.20309874348751
2066-05-01,13.4531251875,12.5359506239669,11.1473897670683,0.464714546850547,0.848785101817663,1.50911613501766,0.681699748313396,0.92129533908387,1.22846088054022
2066-06-01,16.1312503046875,15.2632233760331,14.1116467951807,0.403897711515962,1.0648245441619,1.60587184229191,0.635529473365289,1.03190335989467,1.26722998792323
2066-07-01,20.7890626875,19.8657027024793,18.7305222891566,0.374210126181256,0.969316773787081,1.37664529224333,0.611727166456792,0.98453886352296,1.17330528518512
2066-08-01,23.4671876953125,22.5260332809917,21.3108435542169,0.334505386934214,0.826746793875555,1.33137387466008,0.578364406697208,0.909256176154749,1.15385175592884
2066-09-01,20.0664064453125,18.8123969008264,17.3622492008032,0.226342870509509,0.552791770446994,1.2364723065036,0.475755053057252,0.743499677502952,1.11196776324838
2066-10-01,11.7656252265625,10.2698349214876,8.48634549959839,0.258021683415531,0.488754363756554,1.05473222766171,0.507958348110877,0.699109693650828,1.02700157140177
2066-11-01,3.45937502890625,2.04256200644628,0.2694779162249,0.293297251815949,0.406936146161656,0.945758223073003,0.54156924932639,0.637915469448465,0.972501014432891
2066-12-01,0.0070312496875,-1.49876034826446,-3.02409641004016,0.36270608547687,0.454230832920272,0.851191233680532,0.602250849295267,0.673966492431391,0.922600256709552
2067-01-01,-0.94218751203125,-2.41280994834711,-3.79236951405623,0.372221959134351,0.456889173211826,0.863530281715255,0.610099958313678,0.675935775951996,0.9292633005318
2067-02-01,-2.8679687703125,-4.36280995165289,-5.95783138594378,0.344556463161911,0.460436900969111,0.9026904331821,0.586989321165139,0.678555009537997,0.950100222703953
2067-03-01,0.34687500203125,-1.07314050553719,-2.68835343783133,0.294163392343504,0.521889691173623,1.2828073674509,0.542368317975436,0.722419331948989,1.13261086320541
2067-04-01,6.75312505625,5.58347113636364,4.02289161301205,0.40628937822836,0.597568002877145,1.36822389786845,0.637408329274383,0.77302522784004,1.16971103178027
2067-05-01,11.386718953125,10.4727275495868,9.06546202650602,0.41832617768225,0.758755225122796,1.57210885761447,0.646781398682932,0.871065568785035,1.25383765201659
2067-06-01,15.4335938828125,14.569008446281,13.4200805060241,0.348547580573443,0.947873730750123,1.54015962317025,0.590379183723006,0.973588070361446,1.2410316769407
2067-07-01,19.4804689140625,18.588016714876,17.5096387349398,0.378434411774252,1.00512551208479,1.43950350807438,0.61517022991547,1.00255948057199,1.19979311052964
2067-08-01,22.766406484375,21.8086779173554,20.5931729277108,0.335476802288567,0.803866319035877,1.34628389911276,0.579203593124703,0.896585923955912,1.16029474665395
2067-09-01,20.446875203125,19.1545456528926,17.5855423935743,0.210383876870242,0.48813276333475,1.10632246542963,0.458676222263856,0.698664986481182,1.05181864664477
2067-10-01,10.0796876796875,8.57561994380165,6.79437758714859,0.253599828617274,0.492639722373809,1.08383928455632,0.503586962318599,0.70188298339097,1.04107602246729
2067-11-01,3.78437503359375,2.36776861735537,0.644578321927711,0.272509859955716,0.411404952155278,0.949335432509329,0.522024769484855,0.641408568819655,0.974338458909084
2067-12-01,1.13828126203125,-0.346694221983471,-2.08915664746988,0.327105695126723,0.44092265115051,0.873228725632143,0.571931547588279,0.664020068334165,0.934467081085334
2068-01-01,-2.87187502421875,-4.36487608347107,-5.75943781485944,0.348809052396655,0.472246678995931,0.862904499173483,0.59060058618042,0.687202065622573,0.92892653055744
2068-02-01,0.64921876,-0.775206621322314,-2.38835344056225,0.300944278874016,0.509590220325504,1.02224286570832,0.548583884993003,0.713855882041679,1.01106026808906
2068-03-01,2.22265626875,0.843801662561984,-0.745783139678715,0.283655880049214,0.501807905337541,1.14789547483133,0.532593541126077,0.708384009798034,1.07139884022306
2068-04-01,4.0890625390625,2.87024795413223,1.27510041365462,0.397044790467529,0.60923563234663,1.41349043073935,0.630114902591209,0.780535477955121,1.18890303672728
2068-05-01,10.494531453125,9.5780993177686,8.20160660843374,0.438001330388943,0.895410502608056,1.63612663461115,0.661816689415538,0.946261328919267,1.27911165838294
2068-06-01,13.2687501796875,12.4293390206612,11.4088355502008,0.342637850689125,1.09004846345133,1.75951836423452,0.585352757479731,1.04405386041685,1.32646838041264
2068-07-01,20.2968751953125,19.398347285124,18.351405815261,0.439202757135985,1.2111176447517,1.54581443265011,0.662723741189332,1.10050790308462,1.24330785916044
2068-08-01,20.6578126953125,19.7314051942149,18.6204821405622,0.363560548105473,1.03311754827356,1.60978047740981,0.602959822961259,1.01642390186062,1.26877124707719
2068-09-01,17.495312703125,16.1677687768595,14.589960060241,0.204702256250163,0.524433943061087,1.16058432299538,0.452440334464295,0.72417811556349,1.07730419241521
2068-10-01,10.720312734375,9.19462830950413,7.46425713895582,0.239426695128134,0.531049904878941,1.12803191033561,0.489312471870617,0.728731709807485,1.06208846634148
2068-11-01,2.73515627140625,1.32727274280992,-0.435742975502008,0.269699186443653,0.394190882352321,0.990773747959127,0.519325703623124,0.627846225084074,0.995376184143024
2068-12-01,2.1304687796875,0.668595050082645,-0.871485954779117,0.321820248688486,0.444071889125339,0.855756270391373,0.567292031222444,0.666387191597602,0.925070954246956
2069-01-01,-1.3671875146875,-2.85661159173554,-4.27188758995984,0.36222195687697,0.472424979746238,0.868400093500139,0.601848782400504,0.687331782872172,0.931879870745226
2069-02-01,-0.8640625121875,-2.30743803876033,-3.98634541124498,0.344052670016733,0.459363535212512,0.935538625803543,0.586560031042632,0.677763627832382,0.967232456963445
2069-03-01,2.51171876484375,1.25867770454545,-0.318875503373494,0.269389145121803,0.544094523034877,1.33798907333761,0.519027114052631,0.737627631691544,1.1567147761387
2069-04-01,6.49921879921875,5.28677690206612,3.76506028040161,0.402755284290121,0.691774645156898,1.42784691510728,0.63463003733681,0.831729911183251,1.19492548516938
2069-05-01,11.9484376796875,11.037190231405,9.66305245220883,0.43243845883381,0.862179553437938,1.6087102516105,0.657600531351526,0.928536242393337,1.26834942015617
2069-06-01,16.329687703125,15.4561985619835,14.2883536546185,0.315489640600557,0.766787131264529,1.36135575926304,0.561684645152916,0.875663823201878,1.16677151116362
2069-07-01,22.4750001875,21.5359506033058,20.3481929477912,0.358740122834799,0.893183480072854,1.31299075204057,0.598949182180591,0.945083848170549,1.14585808547157
2069-08-01,22.3406251796875,21.3863638264463,20.1995986064257,0.344478315994243,0.891970983628974,1.4186691874273,0.58692275130058,0.944442154728903,1.19107900133757
2069-09-01,16.52656271875,15.2223142231405,13.7485946024096,0.221966030019857,0.593275899825253,1.27170159673226,0.471132709562664,0.770244052119361,1.12769747571424
2069-10-01,10.8132814453125,9.32644646280992,7.56867479839357,0.24919237961384,0.497471967943636,1.07933741195303,0.499191726307478,0.705316927305474,1.03891164780891
2069-11-01,4.52890631328125,3.16074382768595,1.41967873148594,0.239079114068666,0.428618537138305,1.05650635957359,0.488957169973676,0.654689649481573,1.02786495201149
2069-12-01,1.6687500215625,0.156611573223141,-1.57630523638554,0.352086620602364,0.440557775826069,0.867299207750552,0.593368873975004,0.663745264258864,0.931289003344586
2070-01-01,-1.9078125178125,-3.40413226115702,-4.79759042289157,0.36686761499508,0.465791999788764,0.865316780284701,0.60569597571313,0.682489560204963,0.930224048433871
2070-02-01,-1.117968765,-2.58636366033058,-4.23935747831325,0.325107666913387,0.498195020656358,1.03699316635608,0.570182134859895,0.70582931410955,1.01832861413008
2070-03-01,1.09062501140625,-0.320661162809917,-1.92208837686747,0.302431108058072,0.509114926742842,1.16221177612191,0.549937367395662,0.713522898541345,1.07805926373364
2070-04-01,6.2515625703125,5.03223145909091,3.49558235903614,0.415115630487221,0.646010789613538,1.36614977962755,0.644294676749095,0.803747963987181,1.16882410123489
2070-05-01,8.32578139921875,7.42066123677686,6.03895587590361,0.402086052521032,0.840152327374965,1.66811343424765,0.634102556784809,0.916598236620039,1.29155465786301
2070-06-01,13.875000125,13.0256200867769,12.0088355220884,0.363622037795386,1.13942397385568,1.77798618328166,0.603010810678702,1.06743804216249,1.33341148310702
2070-07-01,19.7890626796875,18.8830579917355,17.7726909879518,0.334210110260975,0.903238782332689,1.39691251148158,0.578109081628178,0.950388753265046,1.18191053446595
2070-08-01,21.446875203125,20.4785126115702,19.2903616305221,0.370856302067092,1.00318785019735,1.57224546514784,0.608979722213386,1.0015926568208,1.25389212659935
2070-09-01,16.8898439765625,15.6004134090909,14.1510042369478,0.225644069795944,0.640705195188932,1.30154136042575,0.475020073045281,0.800440625648731,1.14085115612237
2070-10-01,13.7617189609375,12.2495869504132,10.520482124498,0.254192325529203,0.549398192167765,1.11147397726405,0.504174895774475,0.741213998901643,1.05426466186819
2070-11-01,5.31171880390625,3.90537193553719,2.17751006016064,0.280885211285692,0.414286395513193,0.955459911616532,0.529986048199094,0.643650833537247,0.977476297214686
2070-12-01,0.265625000625,-1.2219008414876,-2.76506027108434,0.329832682059055,0.448771485545216,0.859298505405173,0.574310614614648,0.669904086825282,0.926983551852552
2071-01-01,0.126562501875,-1.32355373553719,-2.6827309497992,0.345430617253937,0.445376543872297,0.853208658211235,0.587733457660815,0.667365375092458,0.923692945849017
2071-02-01,0.3320312509375,-1.11074381297521,-2.75020083574297,0.326446237443406,0.462954642161106,0.913074592445918,0.571354738707404,0.680407702896658,0.955549366828275
2071-03-01,2.1218750171875,0.735123973636364,-0.859437761767068,0.286446852312994,0.501209330536059,1.15072712713933,0.535207298448922,0.707961390568765,1.07271950068009
2071-04-01,5.41953131640625,4.20413228471074,2.63654620650602,0.400796622228116,0.61907001702069,1.3877315839303,0.633085003951378,0.786810026004175,1.17802019674125
2071-05-01,10.8289063984375,9.90909111942149,8.53895599718875,0.428212996665974,0.872946163960933,1.67504901355046,0.654379856555788,0.934315880182358,1.29423684600248
2071-06-01,16.7328126796875,15.864049822314,14.6313255502008,0.409938453469637,1.0047188626695,1.56175686357384,0.640264362173655,1.00235665442471,1.24970271007702
2071-07-01,20.8718751875,20.0033059710744,18.9682733092369,0.304557012204878,0.884304373752767,1.3754006099043,0.551866842820692,0.940374592251815,1.17277474815256
2071-08-01,23.70468775,22.7169423553719,21.515261248996,0.394938532283654,1.00962879043945,1.54089527853041,0.628441351506768,1.00480286148052,1.241328030188
2071-09-01,20.9640627109375,19.6801654752066,18.1530122610442,0.208934548351546,0.560434818147678,1.18919449493798,0.457093588175929,0.748621946076708,1.09050194632471
2071-10-01,14.2500002265625,12.8066117809917,11.0791166787149,0.250551210236397,0.500371037399433,1.04956213562978,0.500550906738163,0.707369095592558,1.02448139838153
2071-11-01,6.38828131328125,5.02148765661157,3.34337352289157,0.229861593896423,0.446341360200966,1.06472407734066,0.479438832278345,0.668087838686625,1.03185467840227
2071-12-01,2.3312500171875,0.861157036033058,-0.705220888674699,0.32767716679134,0.435912362673709,0.838319418992098,0.572430927528676,0.660236595981856,0.915597847852483
2072-01-01,-0.739062508125,-2.21280994024793,-3.63172694056225,0.353107782793308,0.458880867345497,0.857336145441125,0.594228729357061,0.677407460355654,0.925924481500044
2072-02-01,0.54687500671875,-0.902892572727273,-2.46746990658635,0.320935047302166,0.447336011998218,0.895187527881464,0.566511294946681,0.668831826394511,0.946143502795144
2072-03-01,3.77265628203125,2.42148762578512,0.838554226024096,0.291766126293067,0.483685741448237,1.1164914723801,0.540153798739828,0.695475191109099,1.05664160072378
2072-04-01,7.34921880625,6.15785128677686,4.60682735381526,0.391810382096471,0.587261757699679,1.32733226428522,0.625947587339763,0.766330057938275,1.15209906878064
2072-05-01,13.1179688984375,12.1938018057851,10.7658637160643,0.433296571592155,0.727554778996049,1.45653176595045,0.658252665465287,0.852968216873319,1.20686857857451
2072-06-01,15.9929689453125,15.1351242107438,13.9875504337349,0.430422551390414,1.17506832753696,1.73399762284964,0.656065965730897,1.08400568611837,1.31681343509612
2072-07-01,22.0929689375,21.1727275165289,20.0497993895582,0.35593441584661,0.898506195096375,1.29468745959337,0.596602393430172,0.947895666777929,1.13784333701673
2072-08-01,24.8726564921875,23.814463,22.4847391807229,0.335230601341228,0.795101161140033,1.35428220702181,0.578991020086865,0.891684451552248,1.16373631335531
2072-09-01,16.8250002265625,15.5181820206612,14.014859626506,0.213543300393877,0.555601705469796,1.21739933985311,0.462107455462339,0.745386950160651,1.1033582101263
2072-10-01,12.7117190078125,11.2363638305785,9.47389573172691,0.258523018122732,0.503568458016,1.07209808672315,0.508451588769995,0.709625575931421,1.03542169511902
2072-11-01,4.8226563203125,3.42355374504132,1.68835342883534,0.26885273989913,0.405874466908204,0.974500922821157,0.518510115522475,0.637082778693792,0.987168133005294
2072-12-01,1.2914062728125,-0.207851242727273,-1.85903616674699,0.329768101332187,0.431846826045678,0.869686176237663,0.574254387299032,0.657150535300458,0.932569662940878
2073-01-01,0.07265625140625,-1.38347108842975,-2.78232934297189,0.327041714053888,0.437153058049451,0.865251018557135,0.571875610647882,0.661175512288115,0.930188700510351
2073-02-01,1.360937519375,-0.0380165309917355,-1.62168676522088,0.297989671289372,0.528424280397792,1.1306568439248,0.545884302109313,0.726927974697488,1.06332348978324
2073-03-01,1.6601562665625,0.253305786859504,-1.34738957236948,0.297691317889273,0.500341731929975,1.12830971840012,0.545610958366191,0.707348380877468,1.06221924215301
2073-04-01,6.49843755859375,5.26818187272727,3.6915663075502,0.367714070263302,0.548568483319515,1.32650120172212,0.606394319121891,0.740654091543087,1.15173833908667
2073-05-01,13.6593751796875,12.748347268595,11.3638555863454,0.443690843061172,0.831304322290181,1.53812385789948,0.666101225836713,0.911758916759349,1.24021121503536
2073-06-01,18.383593921875,17.4805787396694,16.1514059196787,0.439807420447978,0.907463577363779,1.46783065251673,0.663179779884745,0.952608827044857,1.21154061117105
2073-07-01,22.2335939296875,21.3082646446281,20.1196789317269,0.335004361651231,0.809474972394786,1.25868372085456,0.578795613020029,0.899708270716006,1.12191074549385
2073-08-01,27.1164064140625,26.0053720950413,24.6232933212851,0.309571256582323,0.667896316282177,1.23937468820456,0.556391280109891,0.817249237553745,1.11327206387503
2073-09-01,19.1578126796875,17.8404960826446,16.3156628313253,0.224505370398771,0.574535799520076,1.18422943650423,0.473819976783135,0.757981397872056,1.08822306376231
2073-10-01,11.31640640625,9.83842995454545,8.11164669437751,0.226579159202889,0.50237593087016,1.09643646231061,0.476003318478862,0.708784826918692,1.04710862011093
2073-11-01,4.89453130234375,3.51363639504132,1.75863455188755,0.258158841325062,0.411058110177297,0.998644914878677,0.508093339185884,0.641138136580018,0.999322227751728
2073-12-01,2.71718752375,1.23966943264463,-0.444979924096386,0.314190448909451,0.43692604315147,0.867242858825172,0.560526938611741,0.661003814778304,0.931258749663686
2074-01-01,-2.77734377265625,-4.30743806115702,-5.70883539919679,0.379561399735485,0.477537829251408,0.885244193123152,0.616085545793346,0.691041119797807,0.94087416434035
2074-02-01,1.60000002265625,0.181404961735537,-1.45140563702811,0.308031500314962,0.47056566337581,0.98573391661271,0.55500585610871,0.685977888401522,0.992841335064526
2074-03-01,2.84140627890625,1.44834712809917,-0.131325302248996,0.290004310776331,0.52773585742533,1.23788575473513,0.538520483153919,0.726454305118587,1.11260314341419
2074-04-01,4.43203130625,3.18801655710744,1.62369479526104,0.359674603730328,0.620478221349958,1.41092825200285,0.599728775139503,0.787704399727434,1.18782500899874
2074-05-01,10.9562501796875,10.0409092557851,8.70321302891566,0.448622034744243,0.970145270520694,1.76200592231812,0.66979253112008,0.984959527351603,1.32740571127222
2074-06-01,16.5679689921875,15.6995869710744,14.5582331606426,0.375737589456386,1.01497917143804,1.57074854940101,0.612974379119051,1.00746174688572,1.25329507674809
2074-07-01,21.740625234375,20.851239838843,19.750602626506,0.32794290206711,0.902342829450434,1.37041299586103,0.572662991703768,0.949917275056325,1.17064640086622
2074-08-01,24.91250021875,23.9066117603306,22.6393576184739,0.354330674803322,0.83497687833766,1.37715446084353,0.595256814159504,0.91377069242653,1.17352224556824
2074-09-01,20.01015646875,18.7161158595041,17.1449801285141,0.208478701624188,0.504925925873731,1.14942020976503,0.456594679802763,0.710581399892884,1.07211016680425
2074-10-01,10.904687703125,9.37809934834711,7.5843374502008,0.247379490206856,0.497651113911533,1.06963275793924,0.497372586907296,0.70544391266176,1.03423051489464
2074-11-01,6.88437504453125,5.4979339338843,3.79397594168675,0.264793314158476,0.420369162621322,0.974520040748551,0.514580716854485,0.648358822428847,0.987177816175258
2074-12-01,1.46484376875,-0.0144628109917355,-1.54899599983936,0.333321241446852,0.450536857119372,0.849283276999742,0.577339797213783,0.671220423645893,0.921565666135486
2075-01-01,0.6062500071875,-0.830578521983471,-2.2658634826506,0.327362214681103,0.442297601038923,0.866773563321094,0.572155760856345,0.665054585007067,0.931006747194183
2075-02-01,1.02187501453125,-0.430578520413223,-2.00040162939759,0.317627965752954,0.44155071675361,0.888588561817595,0.563584923283931,0.664492826713434,0.942649755645009
2075-03-01,2.780468775,1.38512398677686,-0.215662654698795,0.296702134645671,0.494632571634033,1.23205211459153,0.544703712715152,0.703301195530075,1.1099784297866
2075-04-01,7.1281250515625,5.9338843677686,4.39036149116466,0.398415361801194,0.628224691984516,1.37111645357949,0.631201522337513,0.792606265420931,1.17094681927895
2075-05-01,11.823437703125,10.8880167727273,9.51084350361446,0.43708417701788,0.886951300199081,1.58000291874573,0.661123420412467,0.941780919428229,1.25698167001183
2075-06-01,15.603906515625,14.7462811735537,13.5345384257028,0.464472916609449,1.18216451211565,1.74477013544521,0.681522498975235,1.08727389011033,1.32089747347976
2075-07-01,21.554687671875,20.6818183429752,19.6160644417671,0.304229899950931,0.811120374349438,1.2678860318307,0.551570394374944,0.900622215109886,1.12600445462294
2075-08-01,26.415625203125,25.312810107438,23.9357431927711,0.303848432972604,0.684772992023748,1.27182212749402,0.551224485098951,0.827510115964601,1.12775091553677
2075-09-01,18.90312521875,17.6549588595041,16.2313255060241,0.216683096260015,0.5926930877612,1.30078893812686,0.465492316005339,0.769865629679102,1.14052134487999
2075-10-01,13.5882813984375,12.135124177686,10.4361447441767,0.237105635593139,0.496645013686255,1.07683342818416,0.486934939794978,0.704730454632304,1.03770584858339
2075-11-01,5.16250005859375,3.75743804586777,2.02570283172691,0.284251965846471,0.409757735579375,0.944578651668806,0.53315285411078,0.640123219059718,0.971894362402008
2075-12-01,3.43593753359375,1.98801654884298,0.480321289076305,0.345627484180616,0.441888999109566,0.805861205676448,0.587900913573551,0.664747319746056,0.89769772511489
2076-01-01,-0.86875000875,-2.35041324256198,-3.82409642730924,0.332874022125985,0.449315180264739,0.878046081715904,0.576952356894384,0.670309764411006,0.937041131282882
2076-02-01,-0.747656256875,-2.20413225504132,-3.84056228835341,0.314482659237205,0.514007746511713,1.10306586076662,0.560787534844709,0.71694333563519,1.05026942294186
2076-03-01,0.6210937575,-0.802479348512397,-2.41405625686747,0.301205101500001,0.512524962792909,1.12871295132692,0.548821557065683,0.715908487722355,1.06240903202435
2076-04-01,6.03593754921875,4.78801657933884,3.21244982803213,0.349879424151095,0.53923340865678,1.32294924095045,0.591506064340084,0.734325138243803,1.15019530556791
2076-05-01,13.0773439609375,12.1743803677686,10.8120483558233,0.452317270066605,0.898178971516914,1.66646715614277,0.672545366549056,0.947723045787594,1.29091717632959
2076-06-01,17.5187502109375,16.6400828636364,15.3891568514056,0.451614136909617,1.04091780953688,1.56508355687931,0.672022422921748,1.02025379662949,1.25103299591949
2076-07-01,23.9398439296875,22.979339053719,21.7136548192771,0.402415641277215,0.911521534947528,1.30674832230551,0.634362389551284,0.954736369343668,1.14313092964258
2076-08-01,23.0640626640625,22.0256200330579,20.6819279437751,0.306414908735374,0.76514998906775,1.38398668304526,0.553547566822739,0.874728523067443,1.17642963369904
2076-09-01,20.6554689296875,19.3954547438017,17.944578497992,0.229576114357924,0.564502156997519,1.22844824847469,0.479141017194233,0.751333585697804,1.10835384623986
2076-10-01,13.664062703125,12.2359505950413,10.5574298915663,0.23617865959662,0.495507186063727,1.08390631645629,0.485982159751384,0.703922713132434,1.04110821553587
2076-11-01,6.07421880625,4.7111570822314,2.97911649116466,0.254369484931116,0.415684152875087,1.03464278195816,0.504350557579861,0.64473572328132,1.01717391922825
2076-12-01,1.52890626859375,0.0454545466115703,-1.42891568120482,0.328055490247295,0.444979261803093,0.85327343379732,0.57276128556956,0.667067659089461,0.923728008559511
2077-01-01,-0.70000000671875,-2.17561985735537,-3.6012048502008,0.342047249952756,0.462432179933612,0.883909860627678,0.584848057150536,0.680023661304231,0.940164805035627
2077-02-01,-0.37578125234375,-1.84958679859504,-3.37550203574297,0.331928521807333,0.457116016464869,0.892582938093022,0.576132382189487,0.676103554542401,0.944766075858475
2077-03-01,3.6140625234375,2.22190084842975,0.642570289959839,0.292556602012799,0.535493464625769,1.25124500421279,0.540885017367647,0.731774189641701,1.11859063298992
2077-04-01,6.86093755859375,5.7243802268595,4.20963860080321,0.474997499101884,0.763842989453394,1.49571321696076,0.689200623259936,0.873981115043909,1.2229935473913
2077-05-01,12.1695314765625,11.2685952438017,9.96666681445783,0.467962080647322,1.09867766054678,1.86021513309152,0.684077539937778,1.04817825800137,1.36389703903613
2077-06-01,15.9109376796875,15.0632233016529,13.9060242971888,0.433265272416487,1.15594473617859,1.68943926311714,0.658228890596947,1.07514870421658,1.29978431407566
2077-07-01,20.5062502109375,19.6243803636364,18.5923697068273,0.296181172145837,0.865170742258655,1.39756265999176,0.54422529539322,0.930145548964599,1.18218554380933
2077-08-01,22.532812671875,21.4392563842975,20.1381528554217,0.338127419340695,0.943805280426063,1.53624011268641,0.581487247788543,0.971496412976426,1.23945153704629
2077-09-01,19.35234396875,18.0318183595041,16.4726909678715,0.207711007431275,0.527074705658389,1.15296089263846,0.455753230851164,0.72599910857961,1.07376016532485
2077-10-01,9.8781252265625,8.30991748801653,6.47791170321285,0.263927191092696,0.524548637719658,1.08987305636742,0.513738446189008,0.724257300770698,1.04396985414686
2077-11-01,6.33046881796875,4.91942154834711,3.21365464795181,0.284654890589337,0.418500923059238,0.932796695535243,0.533530590115821,0.646916473015827,0.96581400669862
2077-12-01,2.2906250203125,0.814462819338843,-0.738955828353414,0.331564966210632,0.439831467383149,0.844323108225353,0.575816781807053,0.66319790966434,0.918870561192028
2078-01-01,-0.042968750625,-1.50867770396694,-2.96465866104418,0.340895058615158,0.444364228845789,0.863262106655011,0.583862191458873,0.666606502252857,0.929118994884407
2078-02-01,2.88750002109375,1.46611572438017,-0.039759036064257,0.325196843051183,0.424075318338193,0.867001576789352,0.570260329192889,0.651210655885016,0.931129194467315
2078-03-01,4.05859377734375,2.70165291338843,1.10441768586345,0.295831084290115,0.500329203993006,1.28776269268085,0.543903561571456,0.707339525258561,1.13479632211285
2078-04-01,6.98203131328125,5.82272733057851,4.2485944253012,0.422902939418076,0.613879659019252,1.38339523594994,0.650309879532886,0.783504728140968,1.17617823307097
2078-05-01,14.72031275,13.8049588553719,12.4305222449799,0.465096015748221,0.869352936765004,1.53438719656381,0.681979483377778,0.932390978487568,1.23870383730891
2078-06-01,16.53828146875,15.6694216776859,14.5779118674699,0.397026931742298,1.12038887477811,1.65906659470156,0.630100731424983,1.05848423454396,1.28804759023165
2078-07-01,20.6726564453125,19.8190084256198,18.7927712891566,0.300270033403209,0.865280309132196,1.35156040842418,0.547969007703181,0.930204444803504,1.16256630280779
2078-08-01,24.402343984375,23.3438019132231,22.0104419879518,0.339915722318094,0.809691788217333,1.37182590829464,0.583022917489608,0.899828754940257,1.1712497207234
2078-09-01,19.0796876875,17.7524795413223,16.1967873493976,0.208718039960784,0.562587178646299,1.22031215903307,0.456856695212824,0.750058116845821,1.10467740043556
2078-10-01,16.055468953125,14.6099175785124,12.9156628232932,0.223119473942092,0.533926123137241,1.11632623111169,0.472355241256083,0.730702486062037,1.05656340610097
2078-11-01,8.4617188796875,7.10619840743802,5.39036149919679,0.267420661306705,0.422492550283618,0.98434221276721,0.517127316341638,0.649994269423676,0.992140218299415
2078-12-01,3.38125003828125,1.90082646702479,0.285542173012048,0.319960663651582,0.452696413620111,0.853580474767976,0.565650655132284,0.672827179608635,0.923894190244736
2079-01-01,-1.33359377109375,-2.83099175867769,-4.25060245742972,0.341146051603102,0.4604048180762,0.888880722718627,0.584077093886673,0.678531368527793,0.94280471080634
2079-02-01,-0.3656250034375,-1.8194215068595,-3.50240966506024,0.343061029844488,0.470451127133845,0.967171608407505,0.585714119553634,0.685894399404052,0.98344883364998
2079-03-01,2.3164062796875,0.912396705950413,-0.673895590843373,0.293508250159943,0.527646528178184,1.23153357693477,0.541764017040577,0.726392819470419,1.1097448251444
2079-04-01,8.2343751625,7.04049593181818,5.52891571445783,0.432824894252096,0.715282741246892,1.42198309783425,0.657894288052492,0.845743898143458,1.19246932783793
2079-05-01,9.4968751484375,8.57685962809917,7.18755028835341,0.399360246604458,0.81257440004811,1.71415897768272,0.631949560174274,0.901429087642566,1.30925894218169
2079-06-01,15.3882814453125,14.5471076487603,13.3602411365462,0.470491562684706,1.24797901328503,1.8081305079092,0.685923875284062,1.11712981040031,1.34466743394387
2079-07-01,22.1695314375,21.2822316115702,20.2008034056225,0.301032827854484,0.850512862316272,1.33661221725952,0.548664585930679,0.922232542429658,1.15611946496005
2079-08-01,25.583593953125,24.6421489545455,23.4112451807229,0.366421662426344,0.874564632708226,1.33285684649906,0.605327731420215,0.935181604132709,1.15449419509111
2079-09-01,19.3718751796875,18.2161159297521,16.9008034297189,0.235108281053298,0.700527648081518,1.40096699625292,0.484879656258435,0.836975297175202,1.18362451658156
2079-10-01,12.4312501953125,10.8987605,9.12570299518072,0.244685042815119,0.535392681331371,1.11038522908746,0.494656489712931,0.731705324110308,1.0537481810601
2079-11-01,6.09609380859375,4.69338848264463,2.97871488345382,0.268724781366894,0.410910477414367,0.961843512877384,0.518386710252968,0.641022992890557,0.980736209628962
2079-12-01,3.380468790625,1.91404960586777,0.414457833654618,0.331505314158471,0.445361959398925,0.860596606090557,0.575764981705619,0.667354448100052,0.927683462227584
2080-01-01,-0.30703125390625,-1.79008266123967,-3.15301207751004,0.346170651243849,0.473345224443333,0.86048485487855,0.588362686821529,0.688000889856498,0.927623228945109
2080-02-01,0.16250000140625,-1.31239670694215,-2.82931729317269,0.321102367192913,0.446484695340216,0.88812897106426,0.566658951392205,0.668195102750847,0.942405948126528
2080-03-01,2.250781271875,0.848347116942149,-0.736144586104418,0.296849777878939,0.511138347587464,1.13384961464089,0.54483922204531,0.714939401339347,1.06482374815783
2080-04-01,6.510156296875,5.27024798264463,3.71244984433735,0.367218855536429,0.58334352234904,1.35746538838154,0.605985854237893,0.76376928607338,1.16510316641126
2080-05-01,11.896094015625,11.0173555661157,9.77510055983936,0.468252284572047,1.15637799753796,1.93978075996806,0.684289620388945,1.07535017437947,1.39276012290992
2080-06-01,15.9976564921875,15.1533059793388,14.0228917751004,0.381490455278236,1.0469807890506,1.63088514633713,0.617649136062082,1.02322079193623,1.27706113649156
2080-07-01,22.3554689765625,21.4471076363636,20.3566266746988,0.393670627227047,1.09055171404289,1.43101432059866,0.627431770973583,1.04429484057085,1.19625010787822
2080-08-01,25.72031271875,24.6805787231405,23.3971889317269,0.362261393405684,0.878002992486707,1.4247098329675,0.601881544330514,0.937018138824808,1.19361209484803
2080-09-01,19.4859376953125,18.1648761983471,16.6008034257028,0.210981796875158,0.503781917389803,1.13241877448521,0.459327548569818,0.709775962814889,1.06415166892939
2080-10-01,12.97734396875,11.4983473471074,9.77831344779116,0.234364516092692,0.519831304708526,1.10807625350773,0.484112090421931,0.720993276465548,1.05265200969158
2080-11-01,7.04531255625,5.67231410165289,3.98072293574297,0.254151083681116,0.420184672323322,0.996078549450069,0.504133993776571,0.648216531973168,0.998037348725021
2080-12-01,2.75000002609375,1.2636363777686,-0.426506027068273,0.328661424425199,0.445311216152396,0.858649446539254,0.573290000283625,0.667316428804504,0.926633393818318
2081-01-01,-0.5093750078125,-1.99834712876033,-3.39759039317269,0.370935051694883,0.46680223372628,0.864187746915085,0.609044375801043,0.683229268786313,0.929616989364483
2081-02-01,2.051562519375,0.651239677190083,-0.926104427630522,0.298265255183072,0.529562787130757,1.13121099282122,0.546136663467188,0.727710647943781,1.06358403185701
2081-03-01,1.2695312721875,-0.151239669421488,-1.74899600248996,0.309536801858762,0.515620872942629,1.13839617302928,0.556360316574395,0.718067457097611,1.06695650006422
2081-04-01,3.209375021875,1.95537191834711,0.373092375662651,0.349360228562994,0.595925388047188,1.3955230995741,0.591067025440427,0.7719620379573,1.18132260605395
2081-05-01,15.7773439765625,14.914876231405,13.6445785341365,0.433577144795944,1.05596034295822,1.68489990652952,0.658465750662815,1.02759931050883,1.29803694343787
2081-06-01,16.2523438828125,15.3958679834711,14.2610443574297,0.399207029097065,1.12554296347879,1.68012957911338,0.63182832248726,1.06091609634258,1.29619812494594
2081-07-01,19.73828146875,18.914876231405,17.9032130763052,0.254979750639936,0.773055776983116,1.32740904015758,0.504955196665938,0.879235905194457,1.15213238829467
2081-08-01,23.7328127265625,22.6475208636364,21.2911649036145,0.298599861392893,0.745159822986343,1.35645386825385,0.546442916865882,0.863226403086897,1.16466899514576
2081-09-01,21.225781390625,19.9334713099174,18.3935744819277,0.20933012241646,0.533190411128057,1.18907142204316,0.457526089328751,0.730198884639012,1.09044551539413
2081-10-01,13.7820314921875,12.2582646487603,10.5614459759036,0.241013158969181,0.590491563612511,1.18584628636821,0.490930910586389,0.7684344888229,1.08896569568018
2081-11-01,5.64921880390625,4.25165293842975,2.48072291381526,0.291495446266007,0.406574039403666,0.977046258504471,0.539903182307724,0.637631585952003,0.988456503091801
2081-12-01,1.9046875240625,0.435123971487603,-1.13694780048193,0.319347930638781,0.442620117525805,0.86556485266874,0.565108777704595,0.66529701451743,0.930357379004832
2082-01-01,-2.56640627421875,-4.08677691363636,-5.57389564216867,0.358626347427413,0.479824469945487,0.897178745738134,0.598854195466153,0.692693633539017,0.947195199385076
2082-02-01,0.08984375234375,-1.37396695644628,-2.99236950240964,0.342651951756644,0.454630678073387,0.940304459762602,0.585364802287124,0.674263062960879,0.969692971905336
2082-03-01,1.36718751765625,-0.0652892584297521,-1.67148596072289,0.306473922427659,0.517794326662049,1.2186594926188,0.553600869243952,0.719579270589453,1.10392911575825
2082-04-01,5.05546879921875,3.84793392727273,2.29518073686747,0.438080100756656,0.72059739869347,1.48989604960086,0.66187619745437,0.848880084990495,1.22061298108813
2082-05-01,11.4257814296875,10.5066117438017,9.11004033534137,0.412952068417963,0.800371056150482,1.58421350372957,0.642613467348735,0.894634593647307,1.25865543487071
2082-06-01,16.327343890625,15.4681819917355,14.2963857309237,0.335230647957799,0.873630699057104,1.51881750616028,0.578991060343594,0.934682137979059,1.23240314270951
2082-07-01,23.604687671875,22.6508266115702,21.4839359076305,0.335883433809199,0.792551143753782,1.25280539874674,0.579554513233396,0.890253415468754,1.11928789806141
2082-08-01,27.1835939453125,26.1648762438017,24.8923696506024,0.370988596026241,0.863864908977911,1.37385287525924,0.609088331874976,0.929443332849244,1.17211470226222
2082-09-01,22.0171876640625,20.7743803842975,19.2987953895582,0.213403026599548,0.544817986475258,1.21149048661113,0.461955654364732,0.73811786760331,1.10067728540709
2082-10-01,11.046093953125,9.50165309917355,7.71285152730924,0.253212884079888,0.510038774596372,1.0959633690453,0.50320262725853,0.714169989985838,1.04688269115756
2082-11-01,5.98828130625,4.60743806983471,2.88032130971888,0.251278905698833,0.412226628374897,0.994248296443778,0.501277274269274,0.642048774140171,0.997120001024841
2082-12-01,1.187500013125,-0.305785130661157,-1.82971889614458,0.344251975385828,0.447518276048559,0.857177750821676,0.586729899856678,0.668968068033564,0.925838944321136
2083-01-01,-0.53828125578125,-2.0214876253719,-3.47630524136546,0.35702695126255,0.463685744088476,0.858508884052018,0.597517322981141,0.680944743785042,0.926557544922072
2083-02-01,1.58359377109375,0.154958680495868,-1.47550202321285,0.309571239555858,0.494186938423374,0.991776480073392,0.556391264809089,0.702984308803101,0.995879751814139
2083-03-01,3.257812525,1.85743803809917,0.264257031726908,0.295214070472443,0.500795075413259,1.1733544147683,0.543336056665158,0.707668761083361,1.08321485161915
2083-04-01,6.1000000609375,5.0508265053719,3.54899603638554,0.454488213070881,0.825580231606269,1.58315429566214,0.674157409712955,0.908614457075315,1.25823459484396
2083-05-01,11.4906251640625,10.5743803016529,9.19076326947791,0.421801174754075,0.839589873509257,1.61890650935306,0.649462219651055,0.916291369330333,1.27236256992772
2083-06-01,16.58593775,15.7380167561983,14.6321287148594,0.418068477165544,1.16693050602535,1.67331843175298,0.646582150361069,1.08024557672103,1.29356810093361
2083-07-01,22.2890626953125,21.394628268595,20.2722893694779,0.265863685408623,0.62988805713467,1.17491446015369,0.515619710066075,0.793654872809756,1.08393471212693
2083-08-01,27.200781453125,26.0991737603306,24.7196789116466,0.309212016018864,0.693941273001777,1.29287739987385,0.556068355527325,0.833031375760707,1.13704766825048
2083-09-01,19.1960939375,17.896281161157,16.3927712891566,0.217071235137949,0.56774550621392,1.22204428664999,0.465909041700147,0.753488889243843,1.10546111946553
2083-10-01,13.098437671875,11.6107440041322,9.85742992088353,0.237320328887939,0.494157939679871,1.07358381605924,0.487155343692275,0.702963683044773,1.03613889805336
2083-11-01,5.664843815625,4.28429755867769,2.56746990080321,0.248439333587614,0.418009687748714,1.01438107648756,0.498436890275603,0.646536687086444,1.00716487055872
2083-12-01,2.17421877890625,0.699586787520661,-0.84377511060241,0.335314342407728,0.437883660380989,0.846342162158247,0.579063331948871,0.661727784199054,0.919968565853338
2084-01-01,-1.9601562675,-3.49090912809917,-4.891566337751,0.388872412956694,0.485228249226714,0.876420543717467,0.623596354188103,0.696583267977859,0.936173351317728
2084-02-01,-0.0054687484375,-1.4847107653719,-3.13975906787149,0.332647027757382,0.455989350239362,0.912001578846682,0.576755604877301,0.675269835132121,0.954987737537337
2084-03-01,1.72343752453125,0.294214878842975,-1.31927712361446,0.297241637549707,0.528348145138233,1.25922370528139,0.54519871381883,0.726875604995953,1.12215137360402
2084-04-01,6.9679688109375,5.71942155743802,4.14658638650602,0.355422603895192,0.533853626273121,1.30661130670761,0.596173300219988,0.730652876729518,1.1430709981045
2084-05-01,13.766406484375,12.8516531487603,11.461445939759,0.430594951894866,0.812466198498185,1.55245914405377,0.656197342188206,0.901369068971298,1.24597718440338
2084-06-01,18.347656484375,17.4421489586777,16.3510041967871,0.378577141855496,1.02726173194351,1.56484780889379,0.615286227584769,1.01353921085645,1.25093877104109
2084-07-01,21.83359396875,20.9367770289256,19.7891568313253,0.315319251919464,0.780426073588153,1.25193846370012,0.561532948204701,0.883417270370097,1.11890056023765
2084-08-01,28.2109377265625,27.2450415206612,25.9409640562249,0.341926737524783,0.716344572045014,1.21355714749336,0.58474501923897,0.846371414950324,1.10161569864148
2084-09-01,19.4343752265625,18.1165291115702,16.555823502008,0.212509804773799,0.539144754398149,1.18392764443274,0.460987857512319,0.734264771317642,1.08808439214646
2084-10-01,12.5281251875,11.0450415206612,9.2742973939759,0.24754914842535,0.495182778684018,1.06990127909233,0.497543112127331,0.703692247139343,1.03436032362631
2084-11-01,5.98984380390625,4.57355376157025,2.80361447935743,0.317927554922504,0.422534234300617,0.940591732101635,0.563850649483091,0.650026333543971,0.969841086004112
2084-12-01,1.31875001734375,-0.173966944710744,-1.69277110465863,0.335708673076773,0.450481301227461,0.859947543342598,0.579403722008043,0.67117903813175,0.92733356638407
2085-01-01,-0.95703126421875,-2.46280994132231,-3.87028116425703,0.388296640688239,0.479772977956862,0.877500367135971,0.623134528563647,0.692656464603386,0.936749895722424
2085-02-01,-0.68671875375,-2.1677686168595,-3.8518072626506,0.339900962517717,0.457629030513221,0.928313299099308,0.583010259358887,0.676482838299111,0.963490165543638
2085-03-01,2.17500001796875,0.761983481157025,-0.832128525140562,0.302204726889765,0.508590254487158,1.16710878220242,0.549731504363508,0.713155140545981,1.08032809007376
2085-04-01,5.83281257109375,4.58595046115702,3.03293175236948,0.356237693407989,0.610922129837809,1.3957659956201,0.596856509898308,0.781615077795847,1.18142540840296
2085-05-01,11.5625002109375,10.6541324214876,9.26666681686747,0.410393592323002,0.82523180659115,1.63860228244636,0.640619693986223,0.908422702595631,1.28007901414184
2085-06-01,17.1085939921875,16.237190231405,15.0012050722892,0.447405947576465,1.06798874762881,1.63084539033249,0.668884106236996,1.0334354104775,1.27704557096937
2085-07-01,22.199218984375,21.3157026570248,20.2248998232932,0.340708093873212,0.888300200116741,1.30711947540826,0.583702059164787,0.942496790507395,1.14329325870848
2085-08-01,28.402344046875,27.325206768595,25.9678717108434,0.327632189739384,0.657992683625523,1.22251197615317,0.572391640172516,0.811167481859032,1.10567263516521
2085-09-01,21.2343751875,19.9289258760331,18.3787150763052,0.203533465748185,0.536006334748657,1.16700483005588,0.451146833911294,0.732124534999789,1.08027997762426
2085-10-01,13.7476565078125,12.2301654545455,10.4803214951807,0.257474755352063,0.548090439731286,1.12602248095009,0.507419703354199,0.740331304033057,1.0611420644523
2085-11-01,8.3757814,7.00950419669422,5.29196794016064,0.265156906496185,0.420199745391463,0.993564279748688,0.514933885558316,0.648228158437647,0.996776945835269
2085-12-01,2.67968752453125,1.20702480479339,-0.336546188433735,0.325095965224903,0.438083236665822,0.861038038208188,0.570171873407399,0.66187856640461,0.92792135346062
2086-01-01,0.3164062546875,-1.21033059057851,-2.7353413939759,0.371618487364666,0.474872100669662,0.87261693541165,0.609605189745515,0.689109643431045,0.934139676607117
2086-02-01,0.8671875109375,-0.580578520991736,-2.23614460457831,0.3178125097313,0.481903412967046,0.968768980719397,0.56374862281987,0.694192633904341,0.984260626419343
2086-03-01,5.49296880859375,4.1371901177686,2.54497993943775,0.29656436756276,0.471972169477049,1.13901705416531,0.544577237462934,0.687002306747983,1.06724741937627
2086-04-01,7.54218754765625,6.32685956115702,4.7718876060241,0.385135327758384,0.598404198430795,1.35323878303603,0.620592722933796,0.77356589792389,1.16328791923411
2086-05-01,12.5242189609375,11.6078514132231,10.2453817064257,0.446574127300857,0.926618552635513,1.66813398580563,0.668262019944914,0.962610280765541,1.29156261397023
2086-06-01,16.3593752265625,15.5111572107438,14.376707,0.392352421702933,1.09394139348117,1.66276162581307,0.626380412930459,1.04591653275066,1.28948114597038
2086-07-01,20.3750001640625,19.5152894504132,18.5124499759036,0.329606235039508,1.02262835898305,1.50206215373768,0.574113433947951,1.01125088824833,1.22558645298391
2086-08-01,27.2210939609375,26.2611572727273,25.0196788915663,0.379945339653219,0.902966280889046,1.34182897969959,0.616397063306777,0.950245379304233,1.15837341980019
2086-09-01,18.430468984375,17.1359505867769,15.63654637751,0.212528882259039,0.54646146798821,1.21692521294549,0.461008549008626,0.739230321339845,1.10314333291077
2086-10-01,12.7812502421875,11.2834712892562,9.49959855662651,0.25523625482302,0.489269229944273,1.06165310811291,0.50520911989296,0.69947782662803,1.03036552160527
2086-11-01,2.903906271875,1.47479340892562,-0.304016070040161,0.270299579945868,0.399901419284114,0.984661248097487,0.519903433289171,0.632377592332393,0.992300986645427
2086-12-01,2.7539062796875,1.27933885330579,-0.217670685381526,0.326913756892226,0.45260039783478,0.865573600663947,0.571763724708228,0.672755823337695,0.930362080409529
2087-01-01,-0.93750001171875,-2.44586779380165,-3.87349401405623,0.384251978956694,0.480667497879704,0.868972050018469,0.619880616697033,0.69330188077035,0.93218670341218
2087-02-01,0.00156250125000001,-1.4747934077686,-3.15823296144578,0.32346210969685,0.471353701283634,0.939780756645619,0.568737294097064,0.686552038292534,0.969422898762774
2087-03-01,4.09140629140625,2.69752068446281,1.11124499228916,0.293705112331456,0.501155646724737,1.1917279044474,0.541945672859795,0.707923475189753,1.09166290788292
2087-04-01,7.961718871875,6.8157025338843,5.2518072811245,0.421121529995167,0.618507580597387,1.38734554862904,0.648938772146623,0.78645252914425,1.17785633615864
2087-05-01,13.11093765625,12.1855374090909,10.8317270803213,0.457674685531629,0.953773227794143,1.66644905766629,0.676516581860067,0.976613141317555,1.29091016638118
2087-06-01,17.292187671875,16.4111572603306,15.3349399638554,0.334269134202899,1.01277958822075,1.65381464005069,0.578160128513632,1.00636950878927,1.28600724727767
2087-07-01,20.222656515625,19.3867770619835,18.4112451526104,0.318774064050394,1.00140118857394,1.49842138342416,0.564600800610833,1.00070034904258,1.22410023422274
2087-08-01,26.816406421875,25.8640498016529,24.6176708955823,0.347523961835773,0.827374467816774,1.31605752146344,0.589511629941067,0.909601268587931,1.14719550272107
2087-09-01,21.592968875,20.3252068099174,18.8859439919679,0.283335964567039,0.828366117218362,1.42443872149583,0.532293119030332,0.910146206506604,1.193498521782
2087-10-01,11.7000002265625,10.1442151033058,8.34859454257028,0.256850382677342,0.533099199015985,1.10355665732944,0.506804087076399,0.730136424934399,1.05050304965261
2087-11-01,5.89609380625,4.5243802177686,2.75983938016064,0.268409826387809,0.409486143176515,1.00338063871337,0.518082837380094,0.639911043174374,1.00168889317661
2087-12-01,3.72187503984375,2.25454548057851,0.687148604658635,0.326446871786425,0.443236509347418,0.851689037289546,0.571355293829002,0.665760098945122,0.922870000211052
2088-01-01,-0.48281250609375,-1.98016531380165,-3.38112452248996,0.347261327171752,0.455787528531396,0.87347293383405,0.589288831704583,0.675120380770272,0.934597739048223
2088-02-01,0.35000000296875,-1.1297520785124,-2.77389561004016,0.327401582818898,0.453633976205207,0.924275514457188,0.5721901631616,0.673523552821434,0.961392487206545
2088-03-01,1.9468750221875,0.526859511652893,-1.11726908843373,0.305029521998033,0.493176001698639,1.22982157041767,0.552294778173788,0.702264908491546,1.10897320545524
2088-04-01,9.2031252265625,8.07851252520661,6.5843374184739,0.448966601722618,0.737461767715197,1.4330198475865,0.670049700934653,0.858755941880577,1.19708807010449
2088-05-01,12.0289064609375,11.1165291115702,9.74899612128514,0.431834975701447,0.895908161037154,1.67129953687374,0.657141518777688,0.946524252746412,1.29278750646568
2088-06-01,18.185937703125,17.3061985454545,16.0449801566265,0.461060578198982,1.07054228582712,1.59950094512908,0.679014416782871,1.03467013382388,1.26471377992378
2088-07-01,24.4734376796875,23.5694216694215,22.4682732650602,0.376611697022786,0.990596358088007,1.36362644741237,0.613686969898161,0.995287073204513,1.16774417036112
2088-08-01,28.3882814765625,27.288843161157,25.9341367751004,0.331593832714251,0.773277498079779,1.30741874220124,0.575841846963427,0.879361983531116,1.14342413049631
2088-09-01,20.6132814609375,19.327272946281,17.7895584136546,0.215963936675857,0.506556033647852,1.16190659090894,0.464719201965936,0.711727499572591,1.07791771063887
2088-10-01,15.8382814453125,14.3888431446281,12.6751006305221,0.234822283157147,0.496762966589079,1.0689742585829,0.484584650146026,0.704814136201225,1.03391211356812
2088-11-01,5.9515625609375,4.53099177438017,2.79879519991968,0.285509378548243,0.417417284733729,0.939232423232805,0.53433077634387,0.646078389000692,0.969140043147947
2088-12-01,4.110156284375,2.64338845016529,1.14698796779116,0.325959052485245,0.440806725240357,0.832420347910612,0.570928237596674,0.663932771627035,0.91237072942451
2089-01-01,-2.022656269375,-3.55041325413223,-4.98714864698795,0.363183438949805,0.481016455358876,0.891043867656121,0.602647026832295,0.693553498555718,0.943951199827682
2089-02-01,0.071875001875,-1.41694216404959,-3.09959842449799,0.327549219129921,0.481413024915813,0.9906853492159,0.572319158450878,0.693839336529584,0.995331778461785
2089-03-01,3.02734377140625,1.62479340669421,0.0112449820080321,0.295860603914618,0.514486478764516,1.27035693463117,0.543930697713061,0.717277128287607,1.12710111996714
2089-04-01,7.0460938015625,5.80082648966942,4.23212857751004,0.350693270130426,0.539169433582536,1.32444750214634,0.592193608653814,0.734281576496739,1.1508464285674
2089-05-01,10.7070315078125,9.79669445247934,8.41526115943775,0.415304626857968,0.851192430506676,1.65033078458132,0.644441329259668,0.92260090532509,1.28465200913762
2089-06-01,18.046094,17.1818183966942,15.9839360040161,0.50140204035452,1.24970952900809,1.71288609298504,0.708097479415454,1.11790407862575,1.30877274306315
2089-07-01,24.26328146875,23.3454547190083,22.2196789317269,0.316357645128125,0.821825789136319,1.27400645553198,0.562456794010104,0.906546076675819,1.12871894443744
2089-08-01,27.33593771875,26.2975208801653,25.0582331927711,0.421375436909621,1.046383874106,1.54155483838599,0.649134375079321,1.02292906601875,1.24159366879265
2089-09-01,22.12343771875,20.8677687809917,19.3570283293173,0.211572325885999,0.515803352457201,1.17302496227508,0.459969918457717,0.71819450879076,1.08306276931445
2089-10-01,16.9570314296875,15.5438018760331,13.9164660481928,0.238217864973082,0.510189659538599,1.10017135260088,0.488075675457282,0.714275618748533,1.04889053413637
2089-11-01,6.40000004921875,5.0012397231405,3.25783135068273,0.270393711653556,0.410994316377366,0.962851740293047,0.51999395347788,0.641088384216534,0.981250090595179
2089-12-01,3.8335937921875,2.37231406958678,0.804016073493976,0.324768107812509,0.447570555104696,0.872322542295441,0.569884293354808,0.669007141295738,0.933982088851516
2090-01-01,2.128906271875,0.662396706033058,-0.730120490120482,0.342071233331695,0.446505450690649,0.846387503397785,0.584868560731122,0.668210633476189,0.919993208343293
2090-02-01,2.0585937725,0.580165295950413,-1.08955824184739,0.305437377334647,0.497613262359728,0.997067961951549,0.552663891831778,0.705417083972119,0.998532904791599
2090-03-01,1.98828127125,0.554545463719008,-1.05662651815261,0.301357648935041,0.504647316339495,1.18262730306063,0.548960516735986,0.710385329479357,1.08748669098092
2090-04-01,5.6148438015625,4.4107438446281,2.8911646848996,0.482848807866647,0.852498218391012,1.57371198026034,0.694873231508199,0.923308300835107,1.2544767754966
2090-05-01,11.3500002109375,10.4326448095041,9.09116486827309,0.437165296850562,0.986523330754579,1.80411530891711,0.661184767557875,0.99323880852219,1.34317359597228
2090-06-01,15.45000021875,14.6190084504132,13.4040162248996,0.419370056693086,1.09366208411935,1.72208050247779,0.647587875653247,1.04578300049262,1.31228064928116
2090-07-01,22.798437640625,21.8735539793388,20.7192773212851,0.410391295718626,0.988841342464444,1.36599785256527,0.640617901497161,0.994405019327861,1.16875910801382
2090-08-01,26.272656515625,25.1917357190083,23.8598395341365,0.325624383735433,0.817524741085846,1.41700975124383,0.570635070544593,0.904170747749476,1.19038218704911
2090-09-01,19.7578126875,18.4330580991736,16.8453817108434,0.212221956889917,0.498902656527741,1.12853707249983,0.460675544054508,0.706330415972398,1.06232625520592
2090-10-01,15.27890646875,13.8020663347107,12.0060242931727,0.275063387844661,0.515970831216522,1.04468123171411,0.524464858541219,0.718311096403586,1.02209648845601
2090-11-01,6.128906325,4.75743807768595,3.00602412441767,0.25246495149608,0.405442378133137,1.00581035627148,0.5024589052809,0.636743573295512,1.00290097032134
2090-12-01,2.9976562640625,1.51404960603306,-0.0329317263453815,0.319285798767226,0.444283127311273,0.860685343389429,0.565053801657175,0.666545667836251,0.927731288353168
2091-01-01,0.67890625453125,-0.792561992561983,-2.17349399606426,0.380732659302904,0.459280557273757,0.860101057641471,0.617035379295956,0.677702410556253,0.927416334577665
2091-02-01,1.4265625165625,-0.0194214879338843,-1.66827311381526,0.331099905884844,0.460824566826378,0.916126475582915,0.575412813452085,0.678840604874501,0.957144960590043
2091-03-01,3.21562501953125,1.80247935826446,0.212851409638554,0.292509834030513,0.526300886777547,1.24201161893672,0.540841782807609,0.7254659790628,1.11445575010258
2091-04-01,6.53281255625,5.31363641404959,3.75502012562249,0.38694636068899,0.626327801192015,1.40095256294495,0.622050127151334,0.791408744702771,1.18361841948533
2091-05-01,12.5414064765625,11.6280993595041,10.2670684441767,0.430161729712283,0.893895909091061,1.70076603760151,0.655867158586465,0.94546068616895,1.30413420996518
2091-06-01,16.4195314609375,15.5685952644628,14.4156628353414,0.411190311971133,1.11817982450551,1.71729396863598,0.641241227597799,1.05744022266297,1.31045563398231
2091-07-01,21.929687671875,21.0561985826446,19.9939761124498,0.316119541683214,0.87326013806129,1.33702009549181,0.562245090403833,0.934483888604448,1.15629585119545
2091-08-01,25.3875001953125,24.2983472809917,22.9449801405623,0.302834626968662,0.723814676273248,1.31264606835423,0.550304122253016,0.850772987507977,1.14570767142157
2091-09-01,18.20625015625,16.8599176239669,15.2787150481928,0.211456722441078,0.531042330945638,1.15418222482202,0.459844237151101,0.728726513134824,1.07432873219607
2091-10-01,14.867968921875,13.4165291363636,11.7156629076305,0.245816364444041,0.4887713178905,1.06616501313661,0.495798713636937,0.699121819063388,1.03255266845649
2091-11-01,5.20234380234375,3.81694218429752,2.03855423742972,0.263537756091302,0.400334196343068,0.984959209432571,0.513359285580092,0.632719682278865,0.992451111860212
2091-12-01,4.40703130390625,2.94256200909091,1.36706829228916,0.334832079039136,0.440629105321494,0.870120827557198,0.578646765340597,0.663798994667433,0.932802673429487
2092-01-01,2.3835937659375,0.89917356446281,-0.522489966746988,0.351303515448328,0.462820902303077,0.840217988756187,0.592708626095764,0.680309416591507,0.91663405389293
2092-02-01,1.24843752171875,-0.226859507603306,-1.86144580506024,0.320942437343998,0.517242394780152,1.00415274983502,0.566517817322631,0.719195658204464,1.0020742237155
2092-03-01,3.41953128125,2.00330580495868,0.4036144637751,0.29591476329725,0.515756662739276,1.2525272355857,0.543980480621548,0.718162003129709,1.11916363217614
2092-04-01,8.7937502078125,7.5685951107438,5.99357434417671,0.370196918208824,0.523905919208565,1.29882953042688,0.608438097269413,0.723813456084208,1.13966202464892
2092-05-01,15.6085939921875,14.6995869504132,13.3269077911647,0.467405897182764,0.872323421213408,1.57165222065696,0.683670898300318,0.933982559373251,1.25365554306474
2092-06-01,19.042968984375,18.1495869752066,16.9759038554217,0.402784813361401,1.00475088181491,1.56102997168693,0.634653301702119,1.00237262622984,1.24941185030675
2092-07-01,22.8015626875,21.8727275123967,20.6975905461847,0.357950278937161,0.827551927650127,1.28047804289755,0.598289460827417,0.909698811503086,1.13158209728572
2092-08-01,27.108593921875,26.0161159173554,24.6586347550201,0.315594892101521,0.744096017777337,1.31888687101002,0.561778330039101,0.86261000329079,1.14842799992425
2092-09-01,21.77343765625,20.4735539338843,18.8931728835341,0.204800728838716,0.487347538390485,1.10983227673289,0.452549145219296,0.69810281362453,1.05348577433817
2092-10-01,15.021093921875,13.5152895041322,11.7598395341365,0.242937357062151,0.548105464387554,1.10749359237286,0.492886758862674,0.740341451215285,1.05237521463253
2092-11-01,4.763281296875,3.40413225950413,1.61646588056225,0.249271034768713,0.399318965860571,1.02460683161109,0.499270502602259,0.631916897907131,1.01222864591509
2092-12-01,2.3000000203125,0.814462820165289,-0.783534142730924,0.332125990708663,0.438254703691095,0.857751988316751,0.576303731298577,0.662008084309471,0.926149009780149
2093-01-01,2.65625002296875,1.17190084165289,-0.248995986987952,0.361377952702758,0.447173978417614,0.837670375586735,0.601147197201116,0.668710683642496,0.915243342279382
2093-02-01,0.206250001875,-1.26528927049587,-2.91967874216867,0.319015756669292,0.504101379353796,1.04408699818371,0.564814798557272,0.710000971375248,1.02180575364582
2093-03-01,3.5304687734375,2.12603307661157,0.535742980401606,0.295521042300692,0.529983378104387,1.26101570236553,0.543618471265181,0.727999572873767,1.12294955468424
2093-04-01,8.8335939703125,7.7495869053719,6.16666674618474,0.430752405041997,0.575622341051493,1.34682800263443,0.65631730515201,0.758697792966009,1.16052919077222
2093-05-01,13.1187501875,12.1979340661157,10.7987953706827,0.421220326771807,0.786925164829888,1.55608733551706,0.649014889483906,0.887088025412297,1.24743229696728
2093-06-01,17.7656252109375,16.8892564338843,15.6240965823293,0.426840504380089,1.01556878481552,1.58199760211831,0.653330317971001,1.00775432760942,1.25777486145904
2093-07-01,23.4007814921875,22.461983714876,21.2550202851406,0.355353626980992,0.778382837426885,1.24772676809512,0.59611544769532,0.882260073576315,1.11701690591285
2093-08-01,28.6335938984375,27.5615704421488,26.2096387590361,0.31642166297995,0.692583430366057,1.27071329712414,0.56251370025978,0.832215975793578,1.127259196957
2093-09-01,20.579687703125,19.291735768595,17.7927712771084,0.222891259498195,0.533790402489805,1.19639914776541,0.472113608677186,0.730609610181665,1.09380032353506
2093-10-01,11.2562502421875,9.78677702066116,8.03293185542169,0.251141747342705,0.479492492870751,1.06826608964416,0.501140446723975,0.6924539644415,1.0335695862612
2093-11-01,8.05234388515625,6.65041328264463,4.96144585060241,0.268026037668653,0.426410625335222,0.956652780054426,0.51771231168348,0.653001244512767,0.978086284565133
2093-12-01,2.86015626796875,1.37190084859504,-0.118072291164659,0.330919659986468,0.439290165979495,0.844712417873883,0.575256169012092,0.662789684575352,0.919082378176126
2094-01-01,-1.17812501453125,-2.71074382396694,-4.11445787349398,0.380147651380907,0.484199440247593,0.885999841385551,0.61656114974989,0.695844408073811,0.941275645804963
2094-02-01,2.3125000265625,0.896694228016529,-0.730923702168675,0.306771651456695,0.504885308518365,1.01335440111452,0.553869706209588,0.710552818950403,1.00665505567425
2094-03-01,2.24687502578125,0.823140507024793,-0.780722899196787,0.28786416827264,0.546018326996606,1.30986885193859,0.536529745934594,0.738930529208671,1.14449502049532
2094-04-01,8.74921893671875,7.54504140289256,5.98835347269076,0.40960576868002,0.61883425406712,1.3780493301694,0.640004506765398,0.786660189705263,1.17390345862401
2094-05-01,11.9671876640625,11.0578514090909,9.68433760281125,0.430095965969626,0.885518924069961,1.65358445499727,0.655817021713851,0.941020150724712,1.28591774814615
2094-06-01,16.5187501953125,15.6690084834711,14.5369480080321,0.383582633563151,1.04638004592795,1.64967779891519,0.619340482742046,1.02292719483253,1.28439783514112
2094-07-01,22.2359376796875,21.3235539421488,20.2200805261044,0.368934546825936,1.00313583094561,1.42475652236057,0.607399824519184,1.00156668821682,1.19363165271392
2094-08-01,30.7750001875,29.6760332644628,28.32409662249,0.337952741732437,0.718344369843449,1.26240081791701,0.581337029383504,0.847551986513776,1.1235661163977
2094-09-01,23.6453126640625,22.3735539132231,20.865863686747,0.214466023597579,0.600542588745399,1.21645101095691,0.463104765250347,0.774946829624717,1.10292837979486
2094-10-01,13.7445314765625,12.2838844793388,10.5682732811245,0.241544668442598,0.483598099496051,1.0687877323068,0.491471940646257,0.695412179571261,1.03382190550733
2094-11-01,8.5257814078125,7.14256204421488,5.4502008626506,0.258621484357903,0.417558589871084,0.974284262394754,0.508548409060438,0.646187735778917,0.987058388543836
2094-12-01,3.500000021875,1.99173555520661,0.300000004819277,0.339685038897641,0.446155483960359,0.853790339096775,0.58282504999154,0.667948713570405,0.924007759218923
2095-01-01,-0.10312500125,-1.60619836446281,-3.07630523935743,0.36896654084252,0.474276780943042,0.869395969198408,0.607426160815057,0.688677559488504,0.932414054590775
2095-02-01,0.20078125109375,-1.29008266049587,-2.82771087188755,0.365432460147884,0.466457264611091,0.881688712125927,0.604510099293539,0.682976767255733,0.938982807151402
2095-03-01,3.40312501953125,2.05330580520661,0.455020085783133,0.267864173577758,0.539096918264601,1.35022673397558,0.517555961783611,0.734232196423312,1.16199257053373
2095-04-01,6.8843750703125,5.66942154834711,4.11927716040161,0.396289365206709,0.64744284110903,1.41865918905092,0.629515182665763,0.80463832938099,1.19107480413739
2095-05-01,11.6585939765625,10.7495870247934,9.39397602650602,0.429059455721141,0.933879583930779,1.71387489912952,0.655026301549137,0.966374453268907,1.30915044938675
2095-06-01,16.5835939609375,15.7309919421488,14.4678716666667,0.39760279496818,0.928786542258661,1.58993134588368,0.630557527088671,0.963735722207422,1.26092479787007
2095-07-01,24.6804689921875,23.7561985330579,22.5618475863454,0.324891151857961,0.707865968554042,1.16793363927338,0.569992238419051,0.841347709662327,1.08070978494385
2095-08-01,28.867187734375,27.8950415578512,26.6088355261044,0.386001499754118,0.843709795651908,1.29226036224267,0.621290189649022,0.918536768807818,1.13677630263947
2095-09-01,22.635156484375,21.3446282933884,19.791164815261,0.211746407603527,0.506132860306731,1.12613123765397,0.460159111181695,0.711430151389953,1.06119330833452
2095-10-01,12.1695314453125,10.6950415826446,8.94859448835341,0.247332081877619,0.476240868927871,1.06339528229735,0.497324925855943,0.690102071383553,1.03121059066388
2095-11-01,6.95234381796875,5.57438022355372,3.81767072248996,0.259994469167093,0.403324295299901,0.997267160105268,0.509896527902566,0.635078180462769,0.998632645223091
2095-12-01,4.7343750765625,3.24958680413223,1.51726909261044,0.335187024301198,0.442344234535857,0.865305433805093,0.578953386984823,0.665089643984822,0.930217949625298
2096-01-01,1.1546875096875,-0.320247939504132,-1.72931728578313,0.375725891089568,0.48718169416138,0.856354791676708,0.612964836748053,0.697984021422683,0.925394397906486
2096-02-01,3.371875025,1.94256200619835,0.434538156064257,0.316998040157485,0.429010840091562,0.883318456661874,0.563025789957693,0.6549891908204,0.939850230973996
2096-03-01,7.01171879921875,5.65082650082645,4.09759040698795,0.27994033659327,0.514791841945763,1.26370389724,0.529093882589159,0.717489959473833,1.12414585229854
2096-04-01,7.80625009609375,6.57148765785124,5.00441771767068,0.358070932962668,0.555905660811371,1.33445623225354,0.598390284816413,0.74559081325575,1.15518666554524
2096-05-01,15.3382814609375,14.4024795785124,13.0140564337349,0.456712056754597,0.855346597963216,1.53209992077034,0.675804747508182,0.924849500169198,1.23778023928739
2096-06-01,18.526562640625,17.6520663305785,16.4746990200803,0.343855758612326,0.877111924179725,1.45028467517507,0.586392154289539,0.936542537303952,1.20427765701065
2096-07-01,24.2429689140625,23.2929753966942,22.065462064257,0.37506828559315,0.846133043558332,1.2905764121682,0.612428188111186,0.919854903535515,1.13603539212834
2096-08-01,28.1023439296875,27.0628101157025,25.7678716706827,0.361805495804774,0.849316531230227,1.35122167275569,0.601502698086031,0.921583708205732,1.16242060922701
2096-09-01,23.2273439140625,21.945868,20.3831327108434,0.210821227768347,0.489381200960365,1.12084339574442,0.459152728150827,0.699557861052512,1.05869891647456
2096-10-01,15.2101564609375,13.7690084504132,12.0907632369478,0.233518087610896,0.499657882874539,1.0885836873787,0.483237092544536,0.706864826451663,1.04335213968185
2096-11-01,6.4398438203125,5.02520667231405,3.31807231180723,0.269974801242634,0.420482323686102,0.958502739850568,0.519590994189309,0.648446083869817,0.979031531591587
2096-12-01,3.2812500203125,1.79834712487603,0.291566268433735,0.325787406909452,0.444893527555709,0.862549575688691,0.570777896304203,0.667003393961162,0.928735471320381
2097-01-01,0.4398437553125,-1.05413224371901,-2.45020083068273,0.343833057801674,0.461331413319366,0.890010051423763,0.586372797631058,0.679213820029721,0.943403440434559
2097-02-01,2.46093751953125,1.00413224429752,-0.549397596064257,0.326493593191439,0.445957972443196,0.89162263323494,0.571396178838675,0.667800847890444,0.944257715475463
2097-03-01,3.7804687875,2.37107440446281,0.758232942008032,0.305363570413393,0.494346563656941,1.2119581817089,0.552597114011097,0.703097833631239,1.10088972277377
2097-04-01,7.4546875984375,6.23719014586777,4.66425707951807,0.385174779384895,0.581017805469649,1.35343505590816,0.620624507560647,0.762245239715965,1.16337227743666
2097-05-01,12.4445314140625,11.5309918677686,10.1835343702811,0.439654929170906,0.978579110373559,1.73307467248593,0.6630648001296,0.989231575705891,1.31646294003513
2097-06-01,17.753906390625,16.8979340743802,15.712851562249,0.42423656483772,1.11630270843265,1.67564062701464,0.651334449294462,1.05655227434929,1.29446538270231
2097-07-01,24.08515646875,23.1586778553719,21.9995985823293,0.376707038632062,0.91197829231522,1.31479820998849,0.613764644332061,0.954975545401671,1.1466465061162
2097-08-01,27.1117189375,26.1305787024793,24.8927712289157,0.358995503248185,0.859475994170451,1.38002817851742,0.599162334637438,0.927079281491314,1.17474600595934
2097-09-01,20.7718751796875,19.4524795165289,17.884337562249,0.205187018061172,0.523583038520773,1.16293921581828,0.452975736724576,0.72359038034013,1.07839659486586
2097-10-01,15.4921876796875,13.9900828677686,12.2590363493976,0.238836120152708,0.542058936175202,1.10565396795586,0.488708625003394,0.736246518616694,1.05150081690689
2097-11-01,9.01640641640625,7.65123976115702,5.93935748915663,0.249098778709538,0.419853301925922,0.979412503160398,0.499097965042473,0.647960879934833,0.989652718462592
2097-12-01,5.9289063109375,4.49421492396694,3.01124500481928,0.323016119717042,0.437476784152132,0.834711761277371,0.568345070988605,0.661420278001916,0.913625613299765
2098-01-01,3.14375002578125,1.69380166950413,0.300000001767068,0.364842542135831,0.462492545465452,0.826774222290323,0.60402197156712,0.680068044731887,0.9092712589158
2098-02-01,3.43671877734375,1.99049588884298,0.459839362891566,0.328956092267475,0.4348885517544,0.867090314820703,0.573546939898972,0.659460803804441,0.93117684401015
2098-03-01,5.9523438203125,4.59090913553719,3.00562251702811,0.291648034904052,0.506141084549237,1.29254894205752,0.540044474931511,0.711435931443751,1.13690322457873
2098-04-01,9.81640640859375,8.65247951570248,7.11887559277108,0.407209062589946,0.624164094458493,1.36645686252984,0.638129346284862,0.790040565071499,1.16895545788958
2098-05-01,16.377343953125,15.4694216859504,14.0939761646586,0.442396091757053,0.849600486074026,1.58669750660727,0.665128627978869,0.921737753416895,1.2596418167905
2098-06-01,18.4515626640625,17.5756200330579,16.23935762249,0.391178583735374,0.750813921847833,1.42691238875194,0.625442710194447,0.866495194359341,1.19453438156963
2098-07-01,24.631250203125,23.6917356983471,22.4650604337349,0.386259895866305,0.863665848626726,1.27768558568807,0.621498106084246,0.929336240887401,1.13034755083915
2098-08-01,27.158593953125,26.1152894504132,24.7795182851406,0.321027962426344,0.735491386368937,1.30808692878952,0.566593295430103,0.857607944441361,1.14371627984807
2098-09-01,23.612500203125,22.3504133884298,20.8080323172691,0.220157454724573,0.503838035869965,1.11630607253222,0.469209393261231,0.709815494244782,1.05655386636566
2098-10-01,15.055468953125,13.5384299876033,11.767068502008,0.243749343233431,0.512417383920486,1.07116922981298,0.49370977631948,0.715833349265376,1.03497305752999
2098-11-01,9.49765644765625,8.10619851570248,6.41887556626506,0.267632227666251,0.416434545782499,0.948876141195766,0.517331835156363,0.645317399255977,0.974102736468678
2098-12-01,4.11250001796875,2.62314051917355,0.916465873895582,0.343622059074807,0.431744455710025,0.852187483250876,0.586192851436119,0.657072641121227,0.923140012810016
2099-01-01,2.0406250234375,0.575619843057851,-0.808032137108434,0.361013777450789,0.480772448229417,0.848483631389494,0.600844220618614,0.69337756542119,0.92113171229173
2099-02-01,1.57968751859375,0.119421488677686,-1.58353415783133,0.337379432477856,0.457090129917699,0.950977807557976,0.580843724660821,0.67608441034955,0.975180910168967
2099-03-01,4.73515628984375,3.34876035702479,1.76265061718876,0.295210994144941,0.509313823879844,1.21436554168267,0.543333225695743,0.713662261773623,1.10198255053457
2099-04-01,8.75156268671875,7.51528931404959,5.96305226425703,0.387556657758514,0.639889770223958,1.38161322379455,0.622540486842835,0.799931103423262,1.17542044554047
2099-05-01,13.9242189453125,12.9995869214876,11.625703064257,0.42751898160695,0.893651260193533,1.66740133294163,0.653849356967604,0.94533129652706,1.29127895241177
2099-06-01,18.146093984375,17.2710745909091,15.9987954096386,0.411638237081874,0.94828846228884,1.57657125843391,0.641590396656522,0.973801038348615,1.25561588809393
2099-07-01,24.9703127265625,24.0045456280992,22.7811247429719,0.440686469463759,1.00865144737849,1.3363761630783,0.663842202231644,1.00431640800023,1.15601737144314
2099-08-01,23.0835938984375,22.1074382066116,20.7955825180723,0.303587016523257,0.75372041612443,1.37969812894173,0.550987310673537,0.868170729824745,1.17460552056498
2099-09-01,21.1109377109375,19.8342977272727,18.3473897710843,0.218147139444065,0.526744195638174,1.21734194995806,0.467062243650742,0.725771448624272,1.10333220290086
2099-10-01,12.5140627109375,11.0520663099174,9.32409661445783,0.229564427879105,0.484995732979136,1.07691711185404,0.479128821799633,0.696416350310025,1.03774616927938
2099-11-01,8.3992188921875,7.03801658842975,5.2851406373494,0.273149017507498,0.413486489207518,0.998367023209953,0.5226366017679,0.643029151133537,0.999183178005891
2099-12-01,2.89609376953125,1.41157026842975,-0.267068277590361,0.329197215547492,0.429907079713729,0.866088569827115,0.573757105008288,0.655672997548114,0.930638796648364
2100-01-01,-1.01640626546875,-2.55082646322314,-3.93293176586345,0.353193295858515,0.468152837651317,0.884556327824532,0.594300677989278,0.684216952180605,0.940508547448949
2100-02-01,2.32734377265625,0.861157036942149,-0.69678715686747,0.322947221389027,0.449854271126368,0.91700578556497,0.568284454643119,0.670711764565352,0.957604190448731
2100-03-01,3.2179687703125,1.90289257735537,0.306024101124498,0.266524969776084,0.579203218776312,1.37839103089196,0.516260563839699,0.761054018303768,1.17404898998805
2100-04-01,7.38125006640625,6.1388430322314,4.58072293212851,0.368149610383879,0.587032665232345,1.36736885560048,0.606753335700661,0.766180569599846,1.16934548171209
2100-05-01,13.84765640625,12.9417357355372,11.6116468353414,0.45920705487218,0.989578792812477,1.76635571635269,0.677648179273124,0.994775750012272,1.32904315819792
2100-06-01,18.599219,17.7318183842975,16.4803214899598,0.445589989960819,1.03072616299526,1.59553862058249,0.667525272900449,1.015246848306,1.26314631796261
2100-07-01,24.0593751796875,23.1363638471074,22.0156628674699,0.359753984793456,0.958506214485267,1.41269719907712,0.599794952290744,0.97903330611643,1.18856939178036
2100-08-01,26.0187501875,25.0752068016529,23.8871487791165,0.369409437008028,0.928926308508093,1.39136642937248,0.607790619381401,0.963808232226771,1.17956196504146
2100-09-01,22.57031265625,21.2904960371901,19.7381528032129,0.209505406988322,0.495884403631704,1.13430462555722,0.457717606159433,0.704190601777462,1.06503738223464
2100-10-01,14.2507814765625,12.7979340826446,11.0887552168675,0.248818287635511,0.485431368217985,1.05390530467045,0.498816887881226,0.696729049357054,1.02659890155331
2100-11-01,10.005468953125,8.63719025909091,6.94056231285141,0.256583955831856,0.411889274772608,0.984114217480915,0.506541168940745,0.641786003877155,0.992025310907396
2100-12-01,3.12968752421875,1.65909092694215,0.065060240562249,0.328560539180613,0.44093361345002,0.866959798747572,0.573202005562274,0.664028322776988,0.931106760123441
#Tmax
,eco001,eco002,eco003,eco001,eco002,eco003,eco001,eco002,eco003
TIMESTEP,MEAN(degC),MEAN(degC),MEAN(degC),VARIANCE(degC),VARIANCE(degC),VARIANCE(degC),STD_DEV(degC),STD_DEV(degC),STD_DEV(degC)
2014-01-01,3.4531250296875,2.05950415132231,0.936144590923695,0.297312995718508,0.47602963104585,0.973607681049166,0.545264152240461,0.689949006119909,0.986715602921716
2014-02-01,1.93515627109375,0.561983476363636,-0.936947800321285,0.28166769893824,0.484855808710401,0.958790665777433,0.530723750116989,0.696315882850881,0.979178566849496
2014-03-01,8.17812510234375,6.92479344876033,5.42650609116466,0.377942932071931,0.627183595458338,1.36566559804704,0.614770633709786,0.791949237930272,1.16861695950685
2014-04-01,12.421093953125,11.4528927768595,10.098795346988,0.544197202977525,0.999182505003427,1.52528086425004,0.737697229883321,0.999591168930292,1.23502261689818
2014-05-01,15.439062703125,14.5247935867769,13.1582331485944,0.482241657234415,0.927432488337322,1.47510317984212,0.694436215382245,0.963032963266223,1.21453825787503
2014-06-01,20.51484396875,19.5421489710744,18.2076306827309,0.409462990895842,0.836639306827779,1.28135281289365,0.639892952684933,0.914679893092539,1.13196855649512
2014-07-01,26.05390646875,25.0723142396694,23.7803214738956,0.425811375246235,0.934043593690357,1.28344190785091,0.652542240200767,0.966459307829542,1.13289095143836
2014-08-01,27.5601564375,26.4851242066116,25.0570283212851,0.40619527076787,0.749819281355418,1.26867006077553,0.637334504611095,0.865921059540313,1.12635254728505
2014-09-01,21.892187671875,20.7214877892562,19.3088355662651,0.257103853887939,0.720449205514366,1.31613129943339,0.507054093650706,0.848792793038658,1.14722765806678
2014-10-01,18.846094,17.5917358099174,16.0389560682731,0.206283841929323,0.563250850478577,1.16416181839311,0.454184810324303,0.750500400052243,1.07896330725058
2014-11-01,11.5023438828125,10.1665291528926,8.60120497309237,0.24448265665612,0.483563800744321,1.10140996460467,0.494451874964713,0.695387518398426,1.04948080716356
2014-12-01,9.092968953125,7.6971075338843,6.24016069558233,0.301761274335793,0.509078791455769,0.96378385408895,0.54932802070875,0.71349757634891,0.981724938100764
2015-01-01,2.2304687703125,0.883471085950413,-0.406024102248996,0.310639150051675,0.403211149004493,0.850891001846095,0.557350114426897,0.634989093610664,0.922437532760942
2015-02-01,2.7656250203125,1.42107439933884,-0.0253012053012048,0.302273621722443,0.53096483064559,0.966575035659542,0.54979416304872,0.728673336033088,0.983145480414543
2015-03-01,8.68359385078125,7.35454552561983,5.93212857269076,0.314138175577104,0.679170126488145,1.56097975632823,0.560480307929818,0.824117786780595,1.24939175454628
2015-04-01,10.109375171875,9.12727287190083,7.71526115983936,0.479596423523765,0.82381745805368,1.44968567158514,0.692529005546891,0.907643904873315,1.20402893303489
2015-05-01,11.853906546875,11.0049588884298,9.76827322369478,0.476205058095683,1.22669727336528,1.85564259058341,0.690076124855572,1.1075636656036,1.36221972918594
2015-06-01,18.48828146875,17.5433886528926,16.3606427590361,0.450176506545448,1.10719669129334,1.42328347293706,0.670951940563143,1.05223414280917,1.19301444791631
2015-07-01,23.457031484375,22.4958680165289,21.2369480200803,0.476643050812189,1.11002433304775,1.38048417947291,0.690393402932117,1.0535769231754,1.17494007484335
2015-08-01,24.724218953125,23.7219010123967,22.3907632690763,0.409881321383037,0.890597251654759,1.33737400894239,0.640219744605739,0.943714602861882,1.15644887865499
2015-09-01,21.4101564609375,20.304545661157,18.9449801285141,0.310211015169951,0.761431558280059,1.33385574121664,0.55696590126322,0.872600457414537,1.1549267254751
2015-10-01,17.592187703125,16.3140498016529,14.7738957590361,0.20828491737221,0.551669026322998,1.15911416767083,0.456382424477773,0.742744253645222,1.07662164555188
2015-11-01,13.8117189609375,12.5280993884298,11.0602411365462,0.22230256411188,0.532153204554197,1.16143709581242,0.471489728532744,0.729488316941537,1.07769990990648
2015-12-01,8.6320314578125,7.24462815495868,5.76907636305221,0.290383351897308,0.499991775203205,0.941015702019382,0.538872296464857,0.707100965353043,0.970059638382807
2016-01-01,6.87578130390625,5.61074385619835,4.45662654698795,0.253345831883626,0.46992558785091,0.944885361007588,0.503334711582288,0.68551118725438,0.972052139037607
2016-02-01,6.0125000609375,4.70289261528926,3.23373497084337,0.293070877362219,0.501443896979198,0.957083193225034,0.541360210361105,0.708127034492539,0.978306288043287
2016-03-01,3.7000000328125,2.40950415520661,0.838554225220884,0.323149618425203,0.513228802116939,1.32229792615196,0.568462503974715,0.716399889808017,1.14991213844883
2016-04-01,11.337500203125,10.3524795495868,8.90040177751004,0.458582726378116,0.620512498937103,1.27278224300473,0.677187364307778,0.787726157326963,1.12817651234403
2016-05-01,13.1593752109375,12.2661159338843,10.9642571967871,0.481171314911585,1.07594253425483,1.65133828690583,0.693665131682129,1.03727649845874,1.28504407975206
2016-06-01,19.0765627265625,18.1644630454545,16.9313255140562,0.522123515428326,1.21325476106462,1.5015954997184,0.722581147988464,1.10147844330455,1.22539605830866
2016-07-01,22.6757814921875,21.7285125826446,20.4967873092369,0.388306532099102,0.89432880455075,1.28095735474168,0.623142465331245,0.945689592070649,1.13179386583498
2016-08-01,23.37812525,22.3557853595041,21.1000002248996,0.385501881889952,0.858659396128572,1.34903234435501,0.620887978535543,0.926638762478978,1.16147851652754
2016-09-01,22.3585939921875,21.2293390247934,19.8297191325301,0.284492450726071,0.671459263207858,1.25056481256982,0.533378337323584,0.819426179230233,1.11828655208306
2016-10-01,17.6046877109375,16.3570249958678,14.7963857228916,0.208954230290522,0.534245123082361,1.18389823352133,0.457115117110036,0.730920736525077,1.08807087706699
2016-11-01,14.09531271875,12.7809919090909,11.2839359799197,0.232103799704897,0.49797746879751,1.10982154301417,0.481771522305851,0.705675186468612,1.05348067994348
2016-12-01,7.34062506484375,6.00330584090909,4.68554222650602,0.295029563508885,0.449366638102274,0.869064349127491,0.54316623929409,0.670348146937301,0.932236208869561
2017-01-01,3.588281271875,2.21570249966942,0.951807237269076,0.320412779847445,0.424980620796682,0.827587454578508,0.566050156653494,0.651905377180371,0.909718338046732
2017-02-01,6.33671880859375,5.18471080330579,3.72891569959839,0.25903481357654,0.572503851337759,1.18585410119705,0.508954628210158,0.756639842552426,1.08896928386298
2017-03-01,6.92968755859375,5.58016534421488,4.0514056724498,0.320214068934561,0.556700377825877,1.37541137373048,0.565874605309835,0.746123567397436,1.17277933718602
2017-04-01,12.8695314375,11.9404960867769,10.5959840975904,0.542922664074957,1.0480628099724,1.56635478314303,0.736832860338732,1.02374938826472,1.25154096342989
2017-05-01,16.2484377109375,15.3132233595041,13.9570282811245,0.53322598649131,1.10671243547221,1.60512172989067,0.730223244283082,1.05200400924721,1.26693398797675
2017-06-01,19.856250140625,18.8950414958678,17.6405624698795,0.449409464370201,1.01839850872755,1.36887221380377,0.670380089479245,1.00915732605355,1.16998812549691
2017-07-01,24.275781390625,23.3185952438017,22.0341367429719,0.387519108243232,0.838449470920227,1.24733807827455,0.622510327820537,0.915668865322081,1.11684290671273
2017-08-01,26.7234376953125,25.6619836652893,24.3594379759036,0.484800664001142,1.02659862202272,1.39959793801676,0.696276284244367,1.01321203211506,1.18304604222184
2017-09-01,24.5843751640625,23.4582646818182,22.0634539558233,0.323533504380059,0.769329731528583,1.30660257369814,0.568800056592876,0.877114434682603,1.14306717812128
2017-10-01,17.8054689765625,16.5491737272727,14.945381686747,0.188395051636496,0.52757193933693,1.1087789779215,0.434044988032918,0.72634147571024,1.05298574440564
2017-11-01,14.386718953125,13.021901053719,11.4538155381526,0.24399549264288,0.502464395065503,1.09765678659497,0.493958998949184,0.708847229708562,1.04769116947456
2017-12-01,6.55781254453125,5.11074386487603,3.70722895598394,0.325292794653063,0.549344666335874,0.957044332188116,0.570344452636354,0.741177891154259,0.978286426456033
2018-01-01,1.886718775625,0.56570248553719,-0.840562258473896,0.300530885213585,0.390644534462262,0.819275510603577,0.548206972970597,0.625015627374437,0.905138393066815
2018-02-01,2.8218750234375,1.57314051404959,0.00682730674698795,0.273061021171262,0.462885535765579,0.984590321027271,0.522552409975556,0.680356917922923,0.992265247314079
2018-03-01,4.81640630390625,3.53842978140496,2.0453815426506,0.269886202114925,0.564035711618606,1.40079513629466,0.519505728664203,0.751023109909812,1.18355191533564
2018-04-01,12.550781421875,11.5512399173554,10.1658636273092,0.506298584571994,0.824915456225968,1.39354775849541,0.711546614475815,0.90824856522098,1.18048623816435
2018-05-01,15.3789064609375,14.47562,13.0445784899598,0.527031905622707,1.01139487126656,1.63957736290337,0.725969631336399,1.00568129706511,1.28045982479083
2018-06-01,17.40703140625,16.5020663305785,15.2598395823293,0.525540677116274,1.24742316152412,1.56531609061424,0.724941843954585,1.11688099702883,1.25112592915911
2018-07-01,21.09453146875,20.1690084049587,18.9947793253012,0.422253396702928,1.05824717382132,1.36694841449362,0.649810277467915,1.02871141425636,1.16916569163383
2018-08-01,24.937500203125,23.8842977231405,22.6220885702811,0.423307014567092,0.898839590528608,1.34326021883357,0.650620484281806,0.948071511294695,1.15899103483744
2018-09-01,23.760156453125,22.6095043140496,21.1959841365462,0.283990535014927,0.695386474105976,1.26417733603786,0.532907623340975,0.833898359577458,1.12435640970195
2018-10-01,18.1289064609375,16.8665291570248,15.2582331365462,0.189945213496723,0.517173774466075,1.0934097425413,0.435827045393838,0.719147950331554,1.04566234633427
2018-11-01,9.72656271875,8.37479355661157,6.83092375903614,0.215666852067101,0.536582027972081,1.19964474298649,0.464399453129632,0.732517595674044,1.09528295110738
2018-12-01,6.35859380390625,4.97851245785124,3.43413658128514,0.273626369184314,0.480117283397703,0.947983247099696,0.52309307889162,0.692904959859362,0.973644312415831
2019-01-01,0.87890626140625,-0.519008270991736,-1.75421688666667,0.314748409579479,0.431338442852303,0.87265353896308,0.56102442868335,0.656763612612866,0.934159268520674
2019-02-01,7.43828130703125,6.16570252892562,4.7522088939759,0.274979696032254,0.508320880919734,0.960650380387369,0.524385064654071,0.712966255105902,0.980127736770758
2019-03-01,6.23750004921875,4.9822314677686,3.45341368939759,0.353858273444894,0.5788116205871,1.3498371163244,0.594859877151665,0.760796701219912,1.16182490777415
2019-04-01,9.5335939375,8.53305803429752,7.13413663172691,0.477838909153697,0.8183218542788,1.44709622283559,0.691258930614062,0.904611438286517,1.20295312578487
2019-05-01,13.772656515625,12.8971076157025,11.5983937871486,0.557435523892913,1.18492932139173,1.73088455403243,0.746616048510152,1.08854458860982,1.31563085781401
2019-06-01,17.932031375,17.0066117809917,15.8261046064257,0.474005272834756,1.16717600171479,1.46274327754582,0.688480408461095,1.08035920031941,1.20943924094839
2019-07-01,23.9195314453125,22.9553721033058,21.7244982008032,0.443473794476045,1.05642325851667,1.40226048831148,0.665938281281415,1.02782452710405,1.18417080200091
2019-08-01,26.0648439296875,25.0082646157025,23.7441769076305,0.414738533009499,0.88283596540598,1.30860510809383,0.644001966619279,0.939593510730029,1.14394279056858
2019-09-01,22.130468953125,21.0330580578512,19.6767070200803,0.327174643233431,0.773757505744138,1.31969723965555,0.571991820949767,0.879634870695869,1.14878076222382
2019-10-01,18.51640646875,17.2706613429752,15.6522090883534,0.188783840600566,0.507309861640699,1.07629558694474,0.434492624333907,0.712256878970431,1.03744666703631
2019-11-01,13.0562502421875,11.7264464669421,10.222490137751,0.223425152067114,0.525106802578939,1.16666970295292,0.472678698554435,0.724642534342926,1.08012485526115
2019-12-01,9.35859395546875,7.94586788223141,6.49477918433735,0.322917716795192,0.514609503509904,0.932432337047887,0.568258494696905,0.717362881329878,0.965625360607253
2020-01-01,4.05546878671875,2.68347109628099,1.50200805542169,0.290521059319645,0.448854300218787,0.952455651470335,0.539000055027497,0.66996589481763,0.975938344092666
2020-02-01,6.435937546875,5.19958684256198,3.75863458072289,0.278540864320878,0.591410607347843,1.0934030055642,0.527769707657495,0.769032253776032,1.04565912493709
2020-03-01,7.1289063109375,5.87603311446281,4.35582333815261,0.356716901449326,0.5918713538267,1.36747606489702,0.597257818240436,0.769331757973568,1.16939132239683
2020-04-01,9.4937501875,8.50206629214876,7.1321286,0.47255909842535,0.861946055376497,1.48009271367928,0.687429340678262,0.928410499389412,1.21659061055035
2020-05-01,14.5414064296875,13.6446282975207,12.2574299959839,0.542602719451428,1.04762655620194,1.66027722457592,0.7366157203396,1.0235362994061,1.28851745218135
2020-06-01,21.190625171875,20.2194216900826,18.8843375943775,0.438179140256049,0.908874265165966,1.32503601360298,0.661951010465313,0.9533489734436,1.15110208652534
2020-07-01,25.6726564609375,24.6946282809917,23.4361447831325,0.43806534450066,1.0115477834095,1.32183343511482,0.661865050067353,1.00575731834747,1.14971015265362
2020-08-01,27.316406421875,26.2520663719008,24.9526106666667,0.439335040575931,0.900514431062227,1.32169676661502,0.662823536528336,0.948954388293888,1.14965071505002
2020-09-01,25.452343953125,24.3293390454545,22.942972124498,0.327711046875163,0.802994636264351,1.33213802392167,0.572460519927063,0.896099679870689,1.15418283816806
2020-10-01,19.4429689453125,18.1900828595041,16.5831327630522,0.184517123831359,0.513843082068685,1.09003692412571,0.429554564440141,0.716828488600087,1.04404833419038
2020-11-01,14.6679689609375,13.3099175247934,11.777510253012,0.2256588614544,0.537494588107545,1.17037928713257,0.475035642298975,0.733140224041448,1.08184069397142
2020-12-01,8.2656251203125,6.89669428347107,5.36987956907631,0.282116172273715,0.46646206365833,0.921710070123409,0.531146093154902,0.682980280577946,0.960057326477648
2021-01-01,4.99531255703125,3.68181821694215,2.46104419919679,0.254938498176687,0.470373468087521,0.942226328912749,0.504914347366647,0.685837785549558,0.970683433933406
2021-02-01,4.48671878984375,3.19421490082645,1.6859437902008,0.284152947169055,0.5064394283646,0.992503249816752,0.53305998458809,0.711645577773515,0.996244573293502
2021-03-01,8.01250009453125,6.77520667107438,5.24658640763052,0.377165431791413,0.571830875948027,1.32919195923146,0.614137958272743,0.756194998626695,1.1529058761371
2021-04-01,13.045312671875,12.0958679710744,10.6995985674699,0.500450244931246,0.867202753417398,1.44624986400876,0.707425080790359,0.931237216512204,1.20260129054012
2021-05-01,17.6281252578125,16.6826448429752,15.3590363253012,0.550068870423421,1.16741546158928,1.5708152579092,0.741666279686101,1.08047001882943,1.25332168971466
2021-06-01,19.6023439609375,18.6462811983471,17.3734941726908,0.400230712979991,0.868554602757272,1.29179452676852,0.632637900366387,0.931962768975924,1.1365713909687
2021-07-01,24.03515646875,23.0739671198347,21.9040162449799,0.567652005561196,1.38923655674031,1.53449998215457,0.753426841545479,1.17865879572517,1.23874936212075
2021-08-01,26.9656251875,25.9099175619835,24.7024098594378,0.481486252362359,1.09367711765731,1.45144579819294,0.693892104265756,1.04579018816267,1.20475964332847
2021-09-01,25.9812501640625,24.8590910950413,23.5204821004016,0.397913381004075,0.99080907751807,1.44631262583574,0.630803757918479,0.9953939308224,1.20262738445278
2021-10-01,19.5382814375,18.2760332024793,16.7192772771084,0.206948168799366,0.50539822993051,1.10559461798498,0.454915562274326,0.710913658562353,1.05147259497572
2021-11-01,15.3335939453125,13.989669607438,12.477510248996,0.227602771616792,0.518108582919119,1.1465889885641,0.477077322471727,0.719797598578322,1.07078895612726
2021-12-01,7.6375001140625,6.27479344917355,4.74297194457831,0.262677244291404,0.478573610665973,0.962944398398446,0.512520481826243,0.691790149298162,0.981297303776203
2022-01-01,4.70703130390625,3.37479341983471,2.14056227277108,0.27813915022024,0.423220928931798,0.877581953374532,0.527388993268005,0.650554324351009,0.936793442213668
2022-02-01,4.57421879609375,3.36363639297521,1.82730925341365,0.260196252907246,0.475020763802344,1.05376734158395,0.510094356866694,0.689217501085357,1.02653170510411
2022-03-01,6.63828131796875,5.31198352438017,3.76104421156627,0.324743494873294,0.537075735455245,1.3456134496223,0.569862698264497,0.732854511792924,1.16000579723651
2022-04-01,11.9640626796875,10.9747935702479,9.54899620682731,0.470981783883023,0.689444958869873,1.30613822079626,0.686281125984842,0.830328223577805,1.1428640430061
2022-05-01,15.4054689453125,14.5004134256198,13.1771086706827,0.548867483477029,1.19821553044493,1.67128832811911,0.740855912763763,1.09463031679418,1.29278317134743
2022-06-01,19.6554689609375,18.7202481033058,17.5092370883534,0.591151013226054,1.43390362350071,1.64422884989324,0.768863455514732,1.19745714892046,1.28227487298677
2022-07-01,23.16171896875,22.2128100950413,20.9927712851406,0.423326178100566,1.01323769192772,1.37583454707556,0.650635211236347,1.00659708519731,1.17295973804541
2022-08-01,26.8273439296875,25.7677688719008,24.464658815261,0.461372461552806,0.972234843819,1.36495561356732,0.679244036817995,0.986019697480228,1.16831314876078
2022-09-01,24.396093953125,23.2636365743802,21.8811246706827,0.319905896678313,0.769294650245358,1.31806965388666,0.565602242462239,0.877094436332461,1.14807214663829
2022-10-01,17.9320314453125,16.6603307975207,15.1124500200803,0.209910844672895,0.534602384890951,1.15488472682683,0.458160282731813,0.731165087303101,1.0746556317383
2022-11-01,11.22421896875,9.87768616528926,8.31044187228916,0.287834021407653,0.465890072418811,0.978600267010058,0.53650165088996,0.68256140560305,0.989242269118166
2022-12-01,9.82031265625,8.38966952975207,6.94819284618474,0.352812454232416,0.520930246535526,0.901135846631392,0.59398017999965,0.72175497679997,0.949281753027726
2023-01-01,5.25156256796875,3.98016533347107,2.58594379349398,0.26314712915602,0.388069706360559,0.831132275441963,0.512978682945032,0.622952410991851,0.911664563006572
2023-02-01,4.3328125484375,3.0198347338843,1.5156626686747,0.273088104040366,0.515040640855941,0.997858550571319,0.52257832335485,0.71766331998782,0.998928701445363
2023-03-01,8.03593761796875,6.6863636946281,5.16385546987952,0.335863784682672,0.559937757197298,1.38030123807522,0.579537561062846,0.748289888477252,1.17486222089027
2023-04-01,13.05859390625,12.0743803884298,10.672690902008,0.472051531742259,0.721581602455508,1.32844482289751,0.68706006414451,0.849459594363092,1.15258180746423
2023-05-01,16.83437521875,15.8921489752066,14.5048194337349,0.486683109252141,0.941141427639825,1.50183156488548,0.697626769305867,0.970124439254999,1.22549237651055
2023-06-01,20.685156453125,19.7123969297521,18.4497994297189,0.490880337377132,1.12897441868953,1.4450099926741,0.700628530233484,1.06253207889904,1.20208568441443
2023-07-01,23.8164064921875,22.8528927644628,21.6433737228916,0.452878258723118,1.11652692125801,1.43843374645373,0.672962301115834,1.05665837490554,1.19934721680326
2023-08-01,25.627343921875,24.6128100867769,23.3646588433735,0.450821255684199,1.0188808116424,1.37745550507854,0.671432242064826,1.00939626096118,1.17365050380364
2023-09-01,21.9710939296875,20.8239671446281,19.4301206626506,0.276874401611861,0.6923692879121,1.29832299868845,0.526188560890353,0.832087307866248,1.13943977405059
2023-10-01,17.7851564609375,16.5161159504132,14.9939761204819,0.206785753358927,0.701772396790421,1.30242337784704,0.454737015602345,0.83771856657855,1.14123765178294
2023-11-01,12.8664064765625,11.5388431859504,9.99799220160643,0.227287762389448,0.499978779548193,1.12560084958756,0.476747063325458,0.707091775901964,1.06094337718257
2023-12-01,4.9195313140625,3.55082647355372,2.01566267012048,0.272135230351885,0.506493106804299,0.995842410235524,0.521665822487812,0.711683291081292,0.997919039920335
2024-01-01,2.4179687671875,1.03264464223141,-0.272289158714859,0.369832057920769,0.439718302783102,0.82322096015138,0.60813818982265,0.663112586807928,0.90731524849491
2024-02-01,5.98906255390625,4.6900826946281,3.22329320016064,0.296729819771175,0.528282997539877,0.995745565869935,0.544729125135764,0.726830790170503,0.997870515583027
2024-03-01,8.9265626453125,7.58553729049587,6.07269083293173,0.34684797694402,0.576346022108693,1.37425122039968,0.588938007725787,0.759174566294665,1.17228461578223
2024-04-01,12.81406275,11.8615704297521,10.4433737012048,0.480745598425386,0.759803264264063,1.39190146592321,0.693358203546613,0.871666945721853,1.17978873783538
2024-05-01,13.7164064375,12.821487785124,11.4959841124498,0.53508306053165,1.18725417581717,1.72079031648868,0.731493718723305,1.08961193817669,1.31178897559351
2024-06-01,19.611718984375,18.6739670991736,17.447389746988,0.44261749741652,1.01346887350241,1.36677746031561,0.665295045387022,1.00671191187073,1.16909257987364
2024-07-01,23.8218752578125,22.8747935785124,21.6674701204819,0.452745972884051,1.08994287879032,1.41817149567644,0.67286400771928,1.04400329443461,1.19087005826683
2024-08-01,25.99531271875,24.9586779173554,23.6923696586345,0.454466122539543,0.986003232728823,1.387320664092,0.674141025705707,0.992976954782347,1.1778457726256
2024-09-01,24.0328126328125,22.9140497768595,21.5341367309237,0.316237705388896,0.777478107520473,1.31870897506816,0.562350162611247,0.881747190253801,1.14835054537722
2024-10-01,17.8500001953125,16.5776861735537,15.0783134738956,0.224409468504095,0.634935724241456,1.25581816835423,0.473718765201565,0.796828541307009,1.12063293203182
2024-11-01,13.2507814765625,11.8487604834711,10.2522090172691,0.235275004170944,0.51404407008689,1.10847292705838,0.485051547952323,0.71696866743735,1.05284040911165
2024-12-01,8.5242188953125,7.12520667231405,5.58393580883534,0.329566368614787,0.482971977876982,0.876111883220964,0.574078712908593,0.694961853540885,0.936008484588128
2025-01-01,5.94453131328125,4.72314055330579,3.47469882722892,0.250678527666108,0.387014181327129,0.828510512086481,0.500678067890044,0.622104638567443,0.910225528144801
2025-02-01,3.073437528125,1.72148762190083,0.230522092128514,0.302753446860239,0.511154632487228,0.9666453128836,0.550230357995848,0.714950790255684,0.983181220774481
2025-03-01,8.92734393984375,7.69752079008264,6.21927716787149,0.402474888394592,0.668043700213382,1.3941430277779,0.634409085996246,0.817339403316261,1.18073834009822
2025-04-01,13.87187521875,12.8900828429752,11.5208837871486,0.493848429724582,0.72886393900088,1.31544915480327,0.702743502086346,0.853735286257327,1.14693031819866
2025-05-01,14.6523439765625,13.7504134834711,12.3534138714859,0.53054559243374,1.04831937977455,1.69201454606831,0.728385606964978,1.0238746894882,1.30077459464287
2025-06-01,20.6632814609375,19.7053721157025,18.4257030040161,0.447853694943573,0.984742802366343,1.36038500943791,0.66921871980958,0.992342079308513,1.16635543872265
2025-07-01,25.0593751875,24.0884299628099,22.8285142690763,0.413139736614327,0.942604169651414,1.32051423459014,0.642759470264209,0.970878040565041,1.14913629939626
2025-08-01,25.34375025,24.2371903181818,22.8991970200803,0.322007781102551,0.710312383471255,1.22169281794616,0.56745729451876,0.842800322419999,1.10530213875942
2025-09-01,22.7492189921875,21.6239671033058,20.2803215220884,0.345668622231976,0.912867138863686,1.43755467588436,0.587935899764571,0.955440808665658,1.19898068203135
2025-10-01,17.914843953125,16.6256200371901,15.0815263052209,0.19922675514288,0.584818099228584,1.2103025392248,0.44634824424756,0.764734005539563,1.10013750923455
2025-11-01,13.22031275,11.8619836322314,10.3457833654618,0.270607779527748,0.494814356428242,1.06983099023531,0.520199749642143,0.703430420459793,1.03432634609939
2025-12-01,9.27656268203125,7.93016543099174,6.47349403895582,0.263383371907137,0.544024180909195,1.05864943650507,0.513208896948539,0.737579948825342,1.0289069134305
2026-01-01,2.53359376875,1.20743803330579,-0.13734939935743,0.307602726092521,0.402185124040878,0.806139735457832,0.554619442584301,0.634180671450083,0.897852847329579
2026-02-01,4.98750005625,3.67975210413223,2.18875503542169,0.301102362677179,0.51996178861631,0.985760142863455,0.548727949604519,0.721083759778509,0.992854542651367
2026-03-01,6.2312500328125,4.91487607892562,3.36345384425703,0.326889764074812,0.547661624691894,1.3345864288976,0.571742742913989,0.740041637133948,1.15524301724685
2026-04-01,15.1765627109375,14.2388431528926,12.873895811245,0.537556626501152,0.980642555570943,1.48008189621407,0.73318253286692,0.990273980053471,1.21658616473066
2026-05-01,16.2531252421875,15.3471076859504,13.8799198915663,0.497155493750185,0.880510333418109,1.5413692198473,0.705092542685132,0.938355121165814,1.24151891642749
2026-06-01,19.5000002421875,18.5471076487603,17.3534138514056,0.453070886614358,1.07951437013151,1.4133048111253,0.673105405277924,1.03899680949053,1.18882497076958
2026-07-01,24.5640626953125,23.5851241818182,22.2943777028112,0.433344041707836,0.953885683104315,1.30069414134619,0.658288722148447,0.976670713753779,1.14047978559297
2026-08-01,26.4679689609375,25.414876231405,24.096787313253,0.436210029958337,0.947661561215481,1.36313482412243,0.660461982220277,0.973479101581272,1.16753365010283
2026-09-01,22.08281271875,20.9768597396694,19.6851407951807,0.391198335925369,1.0544000458971,1.55627020727444,0.625458500562083,1.02683983458819,1.24750559408543
2026-10-01,17.6007815,16.3173556115702,14.755020313253,0.195353674212787,0.606502537862397,1.20635573515046,0.441988319090886,0.77878272827689,1.09834226685057
2026-11-01,11.4726563984375,10.1384299710744,8.5791166060241,0.231923638693533,0.487770174407771,1.11286865951689,0.481584508361235,0.698405451301585,1.05492590238219
2026-12-01,8.87500016640625,7.4169422446281,5.98112456024096,0.351653609015886,0.523238783916924,0.892989058813333,0.593003886172668,0.723352461748022,0.944980983307777
2027-01-01,3.631250025,2.25743803818182,1.03413655879518,0.287677179527563,0.439965196034431,0.902015505189728,0.536355460051973,0.663298723076135,0.949744968499296
2027-02-01,5.06875006796875,3.84545458966942,2.36867471301205,0.261377963651591,0.518672227665041,1.13546638504994,0.511251370317568,0.72018902217754,1.06558265050157
2027-03-01,7.2789063109375,5.99173558429752,4.54176712369478,0.279157834992633,0.604495726650675,1.48018400910158,0.52835389181176,0.777493232543329,1.21662813098398
2027-04-01,13.064843890625,12.1144629917355,10.8072291285141,0.509069251501106,0.940412436898747,1.485431414458,0.713490890972762,0.969748646247442,1.21878275933736
2027-05-01,14.4273439609375,13.5309919545455,12.2373495823293,0.476332987389439,1.10272852737921,1.64702681276735,0.690168810791562,1.0501088169229,1.28336542448647
2027-06-01,20.5242190078125,19.5723142231405,18.348594562249,0.540275039973126,1.31089009235637,1.55387907242534,0.735034040009799,1.14494108684961,1.24654685929785
2027-07-01,22.088281421875,21.1487605247934,19.9931728875502,0.478995521186167,1.23935532496158,1.5657193009815,0.692095023234647,1.11326336729526,1.2512870577855
2027-08-01,25.9640626953125,24.9355374008264,23.7172692811245,0.450036970841694,1.04727958647525,1.43748282826807,0.670847949122373,1.02336678980474,1.19895071969955
2027-09-01,23.58671890625,22.4442151033058,21.0353415461847,0.285255278789503,0.680402053787769,1.27971370485181,0.534092949578538,0.824864870016762,1.1312443170473
2027-10-01,16.8375002109375,15.5351241570248,13.9000001686747,0.189606338385995,0.511250762031635,1.10274188306466,0.435438099373487,0.715018015179782,1.05011517609482
2027-11-01,14.19921896875,12.8384299173554,11.2618475461847,0.241495473376156,0.492002540379412,1.08148202813201,0.491421889394598,0.701428927532514,1.03994328120913
2027-12-01,9.8953126953125,8.53719022190083,7.05983943253012,0.271316407357442,0.502843632073087,0.980316113775453,0.52088041560174,0.709114681890797,0.990109142355252
2028-01-01,4.68046878828125,3.32479341652893,1.95461849204819,0.307410809026831,0.41996365656528,0.79732738065028,0.55444639869588,0.648046029665547,0.892931901462973
2028-02-01,3.73828128046875,2.42396696396694,0.869076317831325,0.28757814044415,0.473946023163679,0.927144730646782,0.536263126127604,0.688437377808381,0.962883549888969
2028-03-01,6.54140630390625,5.30495873140496,3.78353417228916,0.368114526485004,0.619809330613503,1.36331652908441,0.606724423840844,0.787279702909648,1.16761146323784
2028-04-01,11.855468921875,10.8900828429752,9.47510054297189,0.476347856963726,0.807868030287187,1.43211953597952,0.690179583125817,0.898814791982857,1.19671196867898
2028-05-01,15.2585939375,14.3491737561983,12.9839358915663,0.498980729626138,1.03288304851359,1.61070871677691,0.706385680507567,1.01630854001803,1.26913699685137
2028-06-01,20.727343953125,19.785537338843,18.5104419678715,0.498537784670439,1.18680242824333,1.4781163232318,0.706072081780918,1.08940462099411,1.21577807318268
2028-07-01,24.735156421875,23.772727446281,22.4718877028112,0.355211052977506,0.771618250169891,1.20751294269348,0.595995849798894,0.878418038390544,1.09886893790546
2028-08-01,27.6562501484375,26.6008266115702,25.2606428032129,0.40830711387808,0.804480625081583,1.2596544909446,0.638989134397511,0.896928439219976,1.12234330351484
2028-09-01,23.903125203125,22.7677687933884,21.3389560682731,0.271958642815124,0.610990017160065,1.22416179742537,0.521496541517893,0.781658504182015,1.10641845493709
2028-10-01,16.6546877421875,15.3438018471074,13.7574299317269,0.200292841806287,0.52321872432374,1.13350302069585,0.44754088283227,0.723338595903565,1.06466098862307
2028-11-01,13.5601564375,12.1607440289256,10.5373496184739,0.242258198326925,0.497913101385588,1.0742041955404,0.492197316456444,0.70562957802631,1.03643822562678
2028-12-01,9.805468890625,8.39710754752066,6.91244985742972,0.313119427386933,0.498290407717584,0.884642777667146,0.559570752798011,0.70589688178769,0.940554505420683
2029-01-01,5.38671881796875,4.05950417768595,2.87751006040161,0.291554524614927,0.430303511397425,0.893363134079028,0.539957891520188,0.655975236878211,0.945178889988042
2029-02-01,4.69609379921875,3.47148764173554,1.95220885654618,0.262425573734018,0.505366274743329,1.10710196850499,0.512274900550493,0.710891183475593,1.05218913152769
2029-03-01,8.04921885234375,6.77644633801653,5.27349402690763,0.36929077421637,0.607119251418004,1.38050429287992,0.607692993390882,0.779178574793997,1.17494863414531
2029-04-01,14.182812765625,13.2037191983471,11.8558235060241,0.527103836762008,0.890235157470749,1.42513737865997,0.726019171070577,0.943522738184273,1.1937911788332
2029-05-01,14.7007814375,13.8057853471074,12.4646587831325,0.471101767224563,0.989426879675082,1.59431043628721,0.686368536010038,0.994699391612905,1.26266006363043
2029-06-01,22.976562734375,21.9925622107438,20.6618475742972,0.520076314222622,1.17795264061607,1.47761109641484,0.721163167544365,1.08533526645736,1.21557027621394
2029-07-01,26.102343984375,25.1314051487603,23.8558234538153,0.421647997908645,0.937681862343696,1.31755661193173,0.649344283033774,0.968339745308275,1.14784868860479
2029-08-01,29.111718953125,28.0454547190083,26.7369479759036,0.576633265083825,1.24232364473798,1.52774236742793,0.759363723839785,1.1145957315269,1.23601875690781
2029-09-01,24.65937521875,23.5471076198347,22.1987953935743,0.34369099901592,0.842999918926112,1.36616792452407,0.586251651610399,0.91815027034038,1.16883186323956
2029-10-01,18.902343984375,17.6243803884298,16.0570283212851,0.206529879798409,0.494133428181649,1.11246050754972,0.454455586167019,0.702946248429885,1.05473243410342
2029-11-01,12.8414064609375,11.4681820371901,9.8369479686747,0.265594858575463,0.477282160882858,1.0432261573191,0.515358960895668,0.690856107219772,1.02138443169998
2029-12-01,8.3781252171875,6.96776864958678,5.65261049879518,0.321565060600555,0.533064733909696,0.960487114672251,0.567067068873299,0.730112822726526,0.980044445253505
2030-01-01,4.287500046875,2.91198349256198,1.76144579911647,0.28850394433072,0.446370320287372,0.95262049447163,0.537125631794573,0.668109512196445,0.976022794032819
2030-02-01,4.04687504765625,2.78677688264463,1.23493977911647,0.263769708095484,0.478994553105863,1.02825012312495,0.513585151747481,0.692094323850343,1.01402668758024
2030-03-01,6.23515631796875,4.96239675041322,3.50321289373494,0.27395115876601,0.596629924067089,1.4319251700127,0.523403437862238,0.772418231314545,1.19663075759096
2030-04-01,13.7570314921875,12.797520838843,11.4188756987952,0.522627328654221,0.929869353568268,1.49379554149517,0.722929684446711,0.964297336700806,1.22220928710887
2030-05-01,17.16015646875,16.2747935950413,14.8538155140562,0.577848799261983,1.16687236178474,1.70394711419892,0.76016366610223,1.08021866387539,1.30535325264808
2030-06-01,22.2460939609375,21.2578514132231,19.959036313253,0.494472817212274,1.13580945305045,1.4457345657891,0.703187611674348,1.06574361506436,1.20238702828544
2030-07-01,24.680468984375,23.7169423140496,22.4429721004016,0.360639181471637,0.769296833339187,1.21915397438804,0.600532415004917,0.877095680834872,1.10415305750065
2030-08-01,24.84843775,23.7752067933884,22.4851407791165,0.352753341732472,0.784195970337243,1.27586691969832,0.593930418258294,0.885548400900393,1.1295427923272
2030-09-01,22.662500203125,21.5566117603306,20.164257184739,0.288661450000163,0.644707148877079,1.21924153281526,0.537272230810567,0.802936578365365,1.10419270637659
2030-10-01,18.8765627109375,17.6008266446281,15.990763253012,0.183540829650758,0.519916390171965,1.10882563445087,0.428416654263998,0.721052279777247,1.05300789857003
2030-11-01,14.6914064609375,13.3983473057851,11.9180725461847,0.226461056213258,0.517424643160545,1.15930915881286,0.475879245411332,0.719322349965956,1.07671219869233
2030-12-01,10.2375001796875,8.78595055289256,7.40321294216867,0.339055019488338,0.542125468027961,0.930554243280921,0.582284311559514,0.736291700366071,0.964652395052706
2031-01-01,2.5429687721875,1.18801654239669,0.0638554214457831,0.26861158396014,0.502303946207538,1.0500592890276,0.518277516355996,0.708734044763999,1.02472400627076
2031-02-01,5.01718755390625,3.69462813966942,2.20682732650602,0.287418809628458,0.501257362299655,0.959751598530575,0.536114548980401,0.707995312342995,0.979669127068203
2031-03-01,6.8476563296875,5.55702483842975,4.03855425879518,0.293065306006415,0.530012693145651,1.3644753535688,0.541355064635416,0.728019706564081,1.16810759503087
2031-04-01,11.8710939453125,10.8818183760331,9.5176708437751,0.51907906551443,0.954688849415472,1.50904135773721,0.720471418943479,0.977081802826904,1.22843044481045
2031-05-01,17.97500021875,17.0264464545455,15.6441769759036,0.531338529134031,1.07406953933693,1.56683077865028,0.728929714810715,1.03637326255405,1.25173111275956
2031-06-01,19.58593775,18.6400828140496,17.4100403453815,0.482792836220662,1.12896770398492,1.46695520352716,0.694832955623624,1.06252891912875,1.2111792615163
2031-07-01,26.7976564296875,25.8289258099174,24.5377512128514,0.405585070730956,0.900570672199325,1.2785691203072,0.636855612153144,0.94898402104531,1.13073830761463
2031-08-01,30.4007814453125,29.3066118140496,27.9795182369478,0.472834038078406,0.926346193806982,1.29776422761382,0.687629288263965,0.962468801472018,1.13919455213489
2031-09-01,23.8585939921875,22.7123968553719,21.279919935743,0.273311356237882,0.65602818153712,1.26322412082219,0.522791886163014,0.809955666402254,1.12393243605752
2031-10-01,18.0906252265625,16.7950415247934,15.246184935743,0.207155497195058,0.55084668826874,1.17176965070945,0.455143380919748,0.742190466301434,1.08248309488391
2031-11-01,13.137500203125,11.7338845082645,10.0979921630522,0.2445669185041,0.486896861843039,1.06124599112563,0.494537074954042,0.697779952308061,1.0301679431654
2031-12-01,9.01562522890625,7.57231413801653,6.12891572329317,0.348730371688168,0.516616271772629,0.89569280595027,0.590533971663077,0.718760232464644,0.94641048491142
2032-01-01,4.90703130859375,3.65165292561983,2.43935744457831,0.24380845330341,0.411387320732492,0.891025395393187,0.49376963586617,0.641394824373016,0.943941415233587
2032-02-01,5.49062507109375,4.15330581322314,2.6919678951004,0.277076781815961,0.457935087165741,0.907596526167058,0.526380833442823,0.676709012180081,0.952678605914428
2032-03-01,6.44062507734375,5.12231410743802,3.58473899614458,0.307313001855332,0.555350636296437,1.37008878089747,0.554358189129855,0.745218515803544,1.17050791577736
2032-04-01,13.2523439921875,12.3210745702479,10.9771086987952,0.489285732517409,0.800757348225524,1.35693346731461,0.699489622880432,0.894850461376382,1.16487487195605
2032-05-01,17.3000002109375,16.3582646818182,15.0152612088353,0.492598456693081,1.00742102115514,1.5058145700837,0.701853586364764,1.00370365205829,1.22711636370953
2032-06-01,19.208593921875,18.2623968966942,17.0686748955823,0.461421573991285,1.14858012117228,1.4635308383892,0.679280188133943,1.07171830308728,1.20976478638998
2032-07-01,25.5250001640625,24.5603307727273,23.2823295783133,0.388503870472579,0.859664614450965,1.27170268666621,0.623300786516894,0.92718100414696,1.12769795897049
2032-08-01,27.7882813828125,26.7677688181818,25.5361447871486,0.431278962783089,0.929828209636332,1.29659159772656,0.656718328344115,0.964276002831312,1.13867976083118
2032-09-01,27.5390626640625,26.4041324545455,25.0506025863454,0.394840074483406,0.996082446150855,1.44388072816766,0.628363011708523,0.998039300904957,1.20161588212193
2032-10-01,19.2703127109375,18.0049588801653,16.4710845180723,0.204938512623199,0.556489786310645,1.19230571141678,0.452701350365999,0.745982430296214,1.09192752113718
2032-11-01,16.5296877578125,15.2351241446281,13.7598395983936,0.215489640477555,0.526686503155046,1.15604194110331,0.46420861740984,0.725731701908526,1.07519390860593
2032-12-01,10.0070314453125,8.71239683719008,7.5248996935743,0.272312445066595,0.548310493193085,1.04526471487796,0.52183564947845,0.740479907352714,1.02238188309357
2033-01-01,5.63593755859375,4.29380170082645,3.11164661598394,0.339643197330231,0.446807905241258,0.941597707643935,0.582789153408187,0.668436911938036,0.970359576468401
2033-02-01,3.51796877578125,2.17479341008264,0.814457844337349,0.289517113515014,0.525295601782519,0.978499837248155,0.538067945072938,0.724772793213514,0.989191506862122
2033-03-01,7.1812500421875,5.83512403760331,4.3313253373494,0.303582683484263,0.608595222239651,1.47312770083367,0.550983378591644,0.780125132424056,1.21372472201635
2033-04-01,10.9406251953125,10.0107439669421,8.62570293172691,0.465423165108426,0.886689117245775,1.54522393736245,0.682219294001882,0.941641713841191,1.24307036701968
2033-05-01,17.492968984375,16.5698349586777,15.2646588835341,0.542233621235417,1.17248874194319,1.59681050470287,0.736365141241366,1.08281519288528,1.26364967641466
2033-06-01,20.460156453125,19.5103308140496,18.2714861606426,0.530919697219652,1.25354425965177,1.53365950435631,0.728642365786983,1.11961790788276,1.23841007116234
2033-07-01,23.40156271875,22.459091107438,21.2819279076305,0.440942352854503,1.06043566276893,1.3922124091529,0.664034903340557,1.02977456890764,1.1799205096755
2033-08-01,21.6703126875,20.7214877727273,19.5811247389558,0.4906078482285,1.28924592489984,1.6632309976035,0.700434042739572,1.13544965758057,1.28966313338154
2033-09-01,21.9570314296875,20.8301654834711,19.484739124498,0.299950217728987,0.816887106028757,1.40033075610521,0.547677110831727,0.903818071311233,1.18335571833038
2033-10-01,18.525781453125,17.2648762107438,15.6746990200803,0.17972380420784,0.551416770546424,1.14173637678797,0.423938443889959,0.742574420880779,1.06852064874198
2033-11-01,14.8960939375,13.5694216983471,12.0393576104418,0.232346843011965,0.513085990569763,1.13013829292993,0.482023695488059,0.716300209807147,1.06307962680598
2033-12-01,9.47187521328125,8.08760343347107,6.66746995421687,0.307549189414538,0.570053258354744,1.00712304489606,0.554571176148326,0.755018713910287,1.00355520271486
2034-01-01,5.96328131796875,4.64008268512397,3.35381529012048,0.287696239322112,0.416187561250996,0.826285806575662,0.536373227633625,0.64512600416585,0.909002643877157
2034-02-01,5.82890632265625,4.51157030247934,3.01124500329317,0.280653902971227,0.501276386972339,0.971405311860218,0.529767782118946,0.708008747807779,0.985598960967501
2034-03-01,8.22109387578125,6.98223147768595,5.46586350682731,0.371441362959007,0.585201647331047,1.33645098459128,0.609459894463128,0.76498473666541,1.15604973274997
2034-04-01,12.3054689609375,11.3607440661157,9.99959857389558,0.517214023462274,0.983971299338352,1.56754026062685,0.719175933595024,0.991953274775759,1.25201448099726
2034-05-01,17.3125001640625,16.4157026735537,15.0188756907631,0.607401502952894,1.28257398548762,1.7825859385738,0.779359674959446,1.13250783021029,1.33513517614278
2034-06-01,21.977343984375,21.0045457190083,19.7208837349398,0.475151962475575,1.08176347642419,1.40343308683136,0.689312673955423,1.04007859146518,1.18466581229955
2034-07-01,27.7937501875,26.7950415,25.5329318955823,0.509566947244248,1.18097117847825,1.41512087610132,0.713839580889326,1.08672497830787,1.18958853226707
2034-08-01,28.0179689609375,26.9863638181818,25.6502010120482,0.470619457517392,1.02176344647318,1.40742952233467,0.686017097102829,1.01082315291706,1.18635134860406
2034-09-01,21.606250203125,20.4657026652893,19.0847391767068,0.252559016338746,0.693715110644506,1.34275010367293,0.502552501076998,0.832895618096593,1.15877094530064
2034-10-01,18.21562515625,16.9057853842975,15.3012050080321,0.197549239173361,0.506937343973308,1.11245822758469,0.444465115811535,0.71199532580861,1.0547313532766
2034-11-01,14.150000203125,12.8272728966942,11.3040162971888,0.220000000000163,0.509377618106516,1.13627416157227,0.469041575982517,0.71370695534408,1.06596161355476
2034-12-01,8.61875021796875,7.21983476900826,5.71847395903614,0.292086728612372,0.49329789680123,0.939657348615121,0.540450486735253,0.702351690252988,0.969359246417509
2035-01-01,4.67031253984375,3.28057853347107,2.06626508538153,0.313599906321369,0.43103203488118,0.888454158969299,0.559999916358359,0.656530300048048,0.94257846303069
2035-02-01,6.57578131328125,5.2557851785124,3.79959843855422,0.291613566829493,0.504468476986399,0.965040194227241,0.540012561733052,0.710259443433454,0.982364593329402
2035-03-01,4.93750007109375,3.61694218842975,2.12248997678715,0.290078750846473,0.644068637115333,1.49110507891566,0.538589594075557,0.802538869535509,1.22110813563569
2035-04-01,13.461718921875,12.5318183512397,11.207229137751,0.558916702042466,1.11852694270101,1.63978637117876,0.747607318077121,1.05760434128317,1.28054143672853
2035-05-01,16.0750002109375,15.1698349380165,13.8863455702811,0.558267703543475,1.25755105272471,1.71384503056758,0.747173141610079,1.12140583765411,1.30913904172459
2035-06-01,21.023437765625,20.0599175785124,18.7855424056225,0.416611671702952,0.929299602805291,1.34180642223104,0.645454624046456,0.964001868673132,1.15836368305944
2035-07-01,25.2679689140625,24.2962811652893,23.0188756746988,0.373690371813623,0.804176926161798,1.25097283998913,0.611302193529209,0.896759123824117,1.11846897140204
2035-08-01,26.3757814765625,25.345867946281,24.0879519919679,0.437755224249684,0.976601115452291,1.41041882633128,0.661630731034831,0.988231306654617,1.18761055330916
2035-09-01,26.6343751796875,25.4975208305785,24.1008033614458,0.333769721407629,0.805802984232506,1.32169296007268,0.577728068737904,0.897665296328485,1.14964905952759
2035-10-01,20.4398439609375,19.201239838843,17.6558234457831,0.207770089161093,0.538297220736742,1.16207281202565,0.455818043917848,0.733687413505739,1.07799481076008
2035-11-01,15.0539064609375,13.7152894338843,12.1698796787149,0.232740469008534,0.493250703888902,1.0971132249807,0.482431828353534,0.702318093095217,1.0474317280762
2035-12-01,9.59687521875,8.15206625165289,6.67710850281124,0.337313023425369,0.511634820316273,0.883385210724862,0.580786555823539,0.715286530221472,0.939885743441649
2036-01-01,7.1367188015625,5.82066123512397,4.59397594297189,0.259822204805623,0.501563045036882,0.989439386102807,0.509727579012185,0.708211158509157,0.994705678129369
2036-02-01,9.960156484375,8.74380181322314,7.3690763875502,0.295014143824,0.658405494109385,1.13569315047614,0.543152044849322,0.811421896493671,1.0656890496182
2036-03-01,7.3515625734375,6.02438023099174,4.54417676345382,0.337950303548251,0.670233028670157,1.49312123765774,0.581334932330967,0.818677609728126,1.22193340148215
2036-04-01,14.2718752109375,13.3264464917355,12.0016066184739,0.588966597785601,1.13166293072271,1.58919084143363,0.76744159242616,1.06379647053499,1.26063112821857
2036-05-01,13.99140640625,13.1161159173554,11.9072291124498,0.531815285187141,1.3289093206819,1.79760864211054,0.729256666193145,1.15278329302688,1.34074928383741
2036-06-01,19.9265626640625,18.9801654834711,17.7698797108434,0.408580151058209,0.979770997730002,1.35308111724656,0.639202746441385,0.989833823290557,1.16322014994865
2036-07-01,23.7554689296875,22.8115705289256,21.6232933694779,0.438709999397294,1.02716853415884,1.36340691095041,0.662351869777156,1.01349323340555,1.16765016633854
2036-08-01,25.2906251796875,24.2657027107438,22.9341367309237,0.370462625443062,0.768735810870862,1.2584670161972,0.608656410007372,0.876775804222985,1.12181416295089
2036-09-01,25.26250021875,24.124380338843,22.7072291124498,0.300629874803322,0.715129285381304,1.28438301227183,0.548297250406494,0.845653170857476,1.13330623058017
2036-10-01,18.4007814375,17.0871902892562,15.5068275341365,0.200393094783618,0.542532318411742,1.15015489358743,0.447652873087639,0.736567931973516,1.07245274655223
2036-11-01,14.0250002109375,12.646281161157,11.1128515702811,0.230866080708829,0.545318073433837,1.16555994374285,0.480485255454139,0.738456548101401,1.07961101501552
2036-12-01,8.61171892109375,7.18677693305785,5.69397596385542,0.327341986942805,0.507293349465419,0.91129421829092,0.572138083807402,0.712245287429421,0.954617315101146
2037-01-01,7.5023438171875,6.2061984053719,4.95060246024096,0.264010222635361,0.436766389645431,0.888477467513615,0.513819250938851,0.660883037795215,0.942590827195775
2037-02-01,8.79609395,7.68801662809917,6.28995989036145,0.269039793346615,0.6739222639382,1.22913266045733,0.518690460049744,0.820927684962689,1.10866255481879
2037-03-01,8.037500109375,6.77066121818182,5.31967876385542,0.278897686220554,0.603741466486764,1.45408702329448,0.528107646432575,0.777008022150842,1.20585530777721
2037-04-01,11.3140626953125,10.353719231405,9.00240980722891,0.536021195251143,1.05013141448527,1.62152655126811,0.73213468381927,1.02475919829259,1.27339175090312
2037-05-01,16.860156390625,15.9330580165289,14.6140564497992,0.560840936294413,1.22479466533397,1.68242255660725,0.748893140771374,1.10670441642472,1.29708232452965
2037-06-01,20.2187501640625,19.2549588760331,18.0160644497992,0.416496026870217,0.946801045272956,1.34901501221676,0.645365033814365,0.97303702153256,1.1614710552643
2037-07-01,28.1023439296875,27.1173555991736,25.7887552048193,0.388419700529184,0.837041915057959,1.23979239552742,0.623233263336597,0.914899948113431,1.11345965150401
2037-08-01,26.6179689140625,25.6004134173554,24.3096387791165,0.353769106459292,0.740290263231871,1.21918094109034,0.59478492453936,0.860401222239875,1.10416526892053
2037-09-01,24.2492189609375,23.0979340950413,21.6795182650602,0.288660808009518,0.713647197315074,1.29832877715717,0.53727163335646,0.844776418536333,1.13944230970996
2037-10-01,18.8414065078125,17.5553720495868,15.9421688514056,0.185909788521354,0.525220059511118,1.10954531695506,0.431172573943838,0.724720676889461,1.05334957015943
2037-11-01,13.2750002265625,11.9524795661157,10.4401609048193,0.229921277559232,0.523417085576803,1.17338063995712,0.479501071489138,0.723475697986327,1.08322695680874
2037-12-01,7.568750090625,6.17272733966942,4.71285145783133,0.307834727126047,0.510622397857428,0.983060019870462,0.554828556516378,0.714578475646607,0.991493832492397
2038-01-01,7.93515634453125,6.68347112644628,5.35502013654618,0.244344895938788,0.434331474332169,0.894258990157417,0.494312548838069,0.65903829504223,0.945652679453412
2038-02-01,7.92812506953125,6.78057858181818,5.31124503574297,0.265974421569926,0.543397178011744,1.1177762964662,0.515727080508601,0.737154785653423,1.05724940126074
2038-03-01,9.11640648671875,7.88057862231405,6.4000000686747,0.395870480636253,0.666550789632807,1.39854843540325,0.629182390596124,0.816425617942509,1.18260239954232
2038-04-01,15.5000001640625,14.5570249793388,13.185140751004,0.54078747559069,0.967938007132966,1.48014121079495,0.735382536908982,0.983838404989847,1.21661054195455
2038-05-01,17.0062502265625,16.0933886900826,14.7481930522088,0.548622061712775,1.16792298058385,1.65984547016149,0.740690260306409,1.08070485359503,1.28834990206911
2038-06-01,22.6890626875,21.7057853553719,20.421686935743,0.505233825393855,1.17025698082388,1.46017285535383,0.710798020111096,1.081784165545,1.20837612329681
2038-07-01,26.0273438984375,25.0628100991736,23.7827311807229,0.381057450676801,0.840602834560007,1.25046674670313,0.617298510185146,0.916843953222143,1.11824270473951
2038-08-01,26.781250171875,25.7801655123967,24.52811262249,0.51759846318912,1.22267554577021,1.52581937997488,0.719443161889193,1.10574660106654,1.2352406162262
2038-09-01,24.68906271875,23.560330768595,22.2044178835341,0.334997556791511,0.862320234868643,1.39348849070168,0.578789734524992,0.928611993713544,1.18046113476966
2038-10-01,19.7820314375,18.527272892562,16.936948,0.187784840452909,0.534107866465623,1.11588738902724,0.433341482497244,0.730826837537883,1.05635571140939
2038-11-01,14.5859377109375,13.2210745619835,11.6457833012048,0.238068350073987,0.493786341936297,1.10547605098149,0.487922483673367,0.702699325413293,1.05141621205947
2038-12-01,11.40703146875,9.98801674793388,8.63212869437751,0.334832098277731,0.599731342755907,1.05251214831631,0.578646781964379,0.774423232319322,1.02592014714417
2039-01-01,3.9085937890625,2.59958680041322,1.26827310995984,0.289768103693414,0.393734263827374,0.849271626869544,0.538301127338049,0.627482480892793,0.921559345278178
2039-02-01,7.25781254453125,6.09545459628099,4.6036145124498,0.255843981424716,0.51819501025652,1.10067241681307,0.505810222736469,0.71985763193601,1.04912936133399
2039-03-01,8.06015639140625,6.75413229090909,5.2361446188755,0.342100868798093,0.587721420371744,1.38513994018171,0.584893895333242,0.766629910955569,1.17691968297828
2039-04-01,10.049218921875,9.05785141818182,7.67630530843373,0.45889697881412,0.820207935793841,1.45294446708194,0.677419352258348,0.905653319871263,1.20538146123206
2039-05-01,15.049218953125,14.1826448057851,12.8911648433735,0.548030835556266,1.15156483456686,1.70935706073341,0.740291047869867,1.07310988932488,1.30742382597741
2039-06-01,22.176562703125,21.2070250454545,19.922891746988,0.466060511171423,1.03866421242432,1.38644970569389,0.682686246508177,1.01914876854379,1.17747598943413
2039-07-01,25.06171896875,24.1033059421488,22.8722893614458,0.461121434793479,1.09260313826014,1.37120477341641,0.679059227750775,1.04527658457469,1.17098453167256
2039-08-01,25.2968752265625,24.2500001983471,23.0224901606426,0.414793214025767,0.989232356016757,1.4393307781288,0.644044419295569,0.994601606683177,1.19972112514901
2039-09-01,25.5437501640625,24.3975208429752,22.9807230963855,0.292244116240296,0.721736571846108,1.29841727599122,0.54059607493978,0.849550805923994,1.13948114332411
2039-10-01,19.4617189453125,18.1847109421488,16.6357431767068,0.204743494402225,0.555491401742213,1.15633829155023,0.452485905197306,0.745312955571156,1.07533171233356
2039-11-01,15.6609377265625,14.3020662644628,12.7542170321285,0.234525141461791,0.508335941881407,1.12216962598148,0.484277958884968,0.712976817211757,1.05932508040803
2039-12-01,10.0726564453125,8.64958694917355,7.22168683654618,0.32751414363943,0.540767566316105,0.948882690721967,0.57228851433471,0.735369000105461,0.97410609828805
2040-01-01,6.6562500421875,5.3859504714876,4.03052213453815,0.253503940728357,0.417146196519338,0.875758235026244,0.50349174842132,0.645868559785455,0.935819552598814
2040-02-01,6.65781256328125,5.46115709214876,3.9835341746988,0.256001465223932,0.55060115601387,1.0924294331157,0.505965873576403,0.742025037322778,1.04519349075456
2040-03-01,7.19453130625,5.91983477024793,4.44337353815261,0.272174587037415,0.544999142560969,1.37972410738244,0.521703543247902,0.738240572280452,1.17461657888114
2040-04-01,12.0664064296875,11.0797522603306,9.6819278746988,0.4879176552782,0.829256382685936,1.44003502166745,0.698511027313241,0.910635153442879,1.20001459227271
2040-05-01,14.7234376953125,13.8268596570248,12.5473897550201,0.500076278174371,1.18122575782394,1.73266464422869,0.707160715943958,1.08684210344646,1.31630719979368
2040-06-01,19.1640627109375,18.2342977107438,17.037751184739,0.4667298255169,1.13371510880987,1.49800459582539,0.683176277044878,1.06476058755472,1.22392997995203
2040-07-01,25.2343751796875,24.2727274876033,23.028514253012,0.406840574950936,0.948879600980931,1.33027240647768,0.637840556056869,0.974104512350154,1.1533743566066
2040-08-01,26.666406484375,25.6256199710744,24.3240965742972,0.429964904650771,0.934942516738227,1.35933632024889,0.655717091931247,0.966924255946777,1.1659057938997
2040-09-01,23.736718984375,22.6305787066116,21.3236949759036,0.370530839936204,0.960305833750714,1.48810561887566,0.608712444374357,0.979951954817538,1.21987934603208
2040-10-01,19.0765626953125,17.7950415371901,16.2550202730924,0.210942414739332,0.550348722417096,1.17054922345851,0.459284677231161,0.74185492005991,1.08191923148565
2040-11-01,13.969531390625,12.6322316363636,11.0827311044177,0.22985178245583,0.493645589342108,1.12336993357315,0.479428599956063,0.702599166909631,1.05989147254478
2040-12-01,8.3281251359375,6.90206617809917,5.39558237269076,0.305029542844593,0.492070403484466,0.909940070232554,0.552294797046463,0.701477300762089,0.953907789166518
2041-01-01,7.4820313078125,6.23925625289256,4.92489964497992,0.238493472448352,0.418411073358266,0.885264617146338,0.488357934765426,0.646847024696153,0.940885018026293
2041-02-01,7.231250078125,5.94090915165289,4.50923699718876,0.283110257283488,0.441431541980399,0.871164347390541,0.532081062699555,0.664403147178277,0.933361852333028
2041-03-01,7.40703132109375,6.08801659338843,4.56144583614458,0.33026512210263,0.58412964409864,1.37649149522543,0.574686977495254,0.764283745802984,1.17323974328584
2041-04-01,13.04921890625,12.1028927396694,10.6839359116466,0.478267093750133,0.805759256256791,1.43232154484403,0.691568574871742,0.897640939494624,1.19679636732572
2041-05-01,16.68828146875,15.7636365702479,14.4068274698795,0.505609645128125,1.05609961342906,1.59330000656511,0.7110623356135,1.0276670732436,1.26225988075559
2041-06-01,20.6507815078125,19.6896695619835,18.4670684578313,0.413227761602063,0.980017298988496,1.36673372124643,0.642827940900256,0.989958230931233,1.16907387330589
2041-07-01,23.8890626484375,22.9297522479339,21.6887552208835,0.417044748942056,0.957949297534528,1.2943084321805,0.64579001923385,0.978748842928832,1.13767676964087
2041-08-01,27.3273439453125,26.2078514545455,24.8345383815261,0.324836909510493,0.737241038291037,1.28033449979937,0.56994465477842,0.85862741529201,1.13151866966452
2041-09-01,27.705469,26.5814051528926,25.2084339196787,0.330442322244284,0.766831157103823,1.29174314347081,0.574841127829493,0.875688961392013,1.13654878622557
2041-10-01,19.4718752109375,18.2173555909091,16.6582331124498,0.188651580462766,0.597373855594973,1.18913566148804,0.434340396996142,0.772899641347422,1.09047497059219
2041-11-01,15.7367189453125,14.4297522644628,13.0092371606426,0.232263153063643,0.601102843434884,1.28116430822986,0.481936876638054,0.775308224795071,1.13188528934246
2041-12-01,11.635156421875,10.2074382603306,8.78835359196787,0.340565326993254,0.522849026110401,0.922968742555847,0.583579752041873,0.723083000844579,0.960712622252798
2042-01-01,7.20156256640625,5.89504138429752,4.66586350240964,0.256375496641261,0.44926992836324,0.92790261404652,0.506335359856747,0.67027600909121,0.963277018331965
2042-02-01,3.91875003203125,2.57024795495868,1.01967872297189,0.313818919261818,0.413882922769454,0.898038617071318,0.560195429525999,0.6433373320191,0.947648994655362
2042-03-01,10.423437640625,9.0735538822314,7.54216874578313,0.351099910679256,0.549007307846229,1.35833563670525,0.592536843309558,0.740950273531381,1.16547657063763
2042-04-01,14.2390627578125,13.2818183636364,11.8923696907631,0.508383308046453,0.86331955352712,1.45385279361657,0.713010033622566,0.929149909071254,1.20575818206495
2042-05-01,18.6867189921875,17.7814051859504,16.3232933855422,0.555963961405205,1.09994329858733,1.68066489971516,0.745629909140724,1.04878181648393,1.29640460494213
2042-06-01,21.1453126875,20.1933886033058,18.9301206586345,0.400607834055272,0.86385654540668,1.27267774167329,0.6329358846323,0.929438833601588,1.12813019712855
2042-07-01,28.6968752421875,27.7028927603306,26.3441769437751,0.365344522785618,0.743518628750888,1.21804064521005,0.604437360514403,0.862275262750178,1.10364878707406
2042-08-01,31.8437503515625,30.7429754297521,29.2839359518072,0.443740359547758,0.837979558547574,1.32603125662343,0.666138393689898,0.915412234213403,1.15153430544792
2042-09-01,25.0765626328125,23.9619836652893,22.5971889317269,0.316296796038502,0.760125496711518,1.31261302812879,0.562402699174268,0.871851763037455,1.14569325219659
2042-10-01,19.645312734375,18.3665291652893,16.7341367309237,0.194151037647818,0.506551400747757,1.07782188797139,0.440625734209679,0.71172424487842,1.03818201100356
2042-11-01,16.10625025,14.7338844834711,13.1610443654618,0.230039376378142,0.51162715232689,1.10424233458041,0.479624203286429,0.715281170119059,1.0508293555951
2042-12-01,8.533593903125,7.1822314946281,5.90883541325301,0.280988612583789,0.507940283039373,0.970486172793127,0.530083590185349,0.712699293558912,0.985132566101196
2043-01-01,5.28828133203125,3.96528930413223,2.5321285351004,0.28623953481178,0.395968610528456,0.832108764688886,0.535013583763795,0.62926036783549,0.912199958720064
2043-02-01,4.93046881328125,3.68471077479339,2.11124499983936,0.279300574341797,0.449350343906251,1.02374401501885,0.528488953850311,0.670335993294594,1.01180235966262
2043-03-01,10.4453127109375,9.19917375950413,7.69277119156626,0.385647205142884,0.59842258212903,1.34373794974939,0.621004996069182,0.773577780271014,1.15919711427755
2043-04-01,12.6953127890625,11.7037192066116,10.302008215261,0.476985682259065,0.777952986454671,1.38511706080984,0.690641500533428,0.88201643207747,1.17690996291553
2043-05-01,18.07968771875,17.161157214876,15.881526248996,0.577379419193085,1.28919024318112,1.65973809520352,0.759854867190495,1.13542513763837,1.28830822989047
2043-06-01,20.8343751875,19.9045456487603,18.6417672449799,0.4257382232285,0.991389971671224,1.37082907989715,0.65248618623577,0.995685679153429,1.17082410288529
2043-07-01,23.780468984375,22.8433886404959,21.6289158835341,0.457647016117307,1.08088965585902,1.35335404051708,0.676496131635139,1.03965843230314,1.16333745771254
2043-08-01,25.5781251796875,24.5801654545455,23.3538154497992,0.500462663041487,1.17794517002174,1.53370512275569,0.707433857714972,1.08533182484517,1.238428489157
2043-09-01,25.3953127109375,24.2834712561983,22.9293174497992,0.330056585457845,0.802713239635279,1.34506450926301,0.574505513862004,0.89594265421135,1.15976916205899
2043-10-01,17.1109377265625,15.7764465123967,14.1630524216867,0.194682627288563,0.555169085641961,1.16274235257175,0.441228543148064,0.745096695497947,1.07830531509946
2043-11-01,16.90000021875,15.5524795785124,14.0441768634538,0.227086595275763,0.537773931573175,1.14771799991593,0.476536037751357,0.733330710916415,1.07131601309601
2043-12-01,10.2335939375,8.84586794421488,7.33373502289157,0.294216857185193,0.487804484522277,0.941518746650849,0.542417604051706,0.698430014047418,0.970318889154926
2044-01-01,6.90156256796875,5.58553724586777,4.34337354939759,0.253540833014287,0.473524385708666,0.957788607290141,0.503528383523995,0.688131081777786,0.978666749864396
2044-02-01,5.82109381328125,4.50000004834711,2.97228918289157,0.292071243411679,0.48912865767636,0.953946763287023,0.54043616034799,0.699377335689655,0.976701982841758
2044-03-01,8.2898439125,7.0161157714876,5.50763058072289,0.359502430216663,0.627581549386188,1.39723996179526,0.59958521514182,0.792200447731626,1.18204905219507
2044-04-01,11.9046876796875,10.9421489586777,9.51566280883534,0.462969994365306,0.745850969287907,1.41713278221155,0.680418984424528,0.863626637666942,1.19043386301447
2044-05-01,14.4640626796875,13.5752068181818,12.2823295502008,0.480115587032629,1.08676866451784,1.66129937357189,0.692903735761779,1.04248197323399,1.28891402877457
2044-06-01,17.917187703125,17.0028927809917,15.9216869477912,0.394032894537565,1.07530272074706,1.4942858290227,0.62772039519006,1.03696804229786,1.22240984494674
2044-07-01,22.639844,21.7190084586777,20.5742973895582,0.412022071850583,1.00918071201963,1.33433675636433,0.64188945454072,1.00457986841248,1.15513495158112
2044-08-01,27.7578127109375,26.7012398553719,25.4859439678715,0.425450313213751,0.966346962604315,1.40508386436406,0.652265523551376,0.983029482062626,1.18536233463193
2044-09-01,24.1882814765625,23.0900827975207,21.7598396064257,0.353483687832362,0.860897053448228,1.36902580465429,0.594544941810425,0.927845382296117,1.1700537614376
2044-10-01,18.3015626953125,16.9979340826446,15.4253014216867,0.202044774975552,0.51190436904786,1.13149436321432,0.449493909831437,0.715474925520008,1.06371723837415
2044-11-01,13.880468953125,12.5285125826446,10.9546187228916,0.237647054257053,0.489847572185605,1.09184349186442,0.487490568377536,0.699891114521113,1.04491315039309
2044-12-01,6.25078131328125,4.83719013842975,3.24257031044177,0.29732222009721,0.456702462622694,0.887535323058691,0.545272610807851,0.675797649169257,0.942090931417287
2045-01-01,4.170312546875,2.7863636553719,1.40200804987952,0.36824559319883,0.454128626910601,0.795600808008811,0.606832425961921,0.673890663914111,0.891964577776949
2045-02-01,3.52265627578125,2.16611572471074,0.553012054939759,0.311372424609994,0.427311823306747,0.889355835845706,0.558007548882624,0.653690923377973,0.943056645088569
2045-03-01,7.1546875609375,5.8330579285124,4.34056229076305,0.293206213439975,0.60338398794076,1.42814648742519,0.541485192262887,0.776777952790088,1.1950508304776
2045-04-01,14.6226564765625,13.6892563677686,12.2891568393574,0.500978692605984,0.82519532114825,1.42959971226212,0.70779848304866,0.908402620619431,1.19565869388472
2045-05-01,16.2085939765625,15.3012398677686,13.9092371325301,0.51732711005185,0.845600196598356,1.41092236358999,0.719254551637909,0.919565221503269,1.18782253034281
2045-06-01,19.3687501484375,18.4450415371901,17.2578315582329,0.496338530610364,1.23534877552913,1.57631940164223,0.704512974053966,1.11146244899642,1.25551559195505
2045-07-01,25.2375001484375,24.2809919917355,23.0574299156627,0.40818897145682,0.957894403902664,1.31059982577422,0.638896682928328,0.97872079977012,1.14481431934363
2045-08-01,27.3476564296875,26.3417357768595,25.0718877108434,0.397947257345129,0.8336451171498,1.25356125040498,0.630830609074361,0.913041684234515,1.11962549560332
2045-09-01,25.1859376875,24.0557853223141,22.6771086024096,0.316808613976532,0.811605428510842,1.36403035643232,0.562857543234993,0.900891463224534,1.16791710169529
2045-10-01,18.45000021875,17.1446282975207,15.5465865461847,0.208346469291511,0.47078012217704,1.08201453764105,0.456449854082035,0.686134186713532,1.04019927785067
2045-11-01,16.50312525,15.1909092396694,13.6867471726908,0.224557078740346,0.515352722218158,1.13067036967563,0.473874539029421,0.717880715870094,1.06332984989401
2045-12-01,9.6734377109375,8.30867781942149,6.76265066746988,0.271414895546428,0.464198291447922,0.938639760373129,0.520974947138946,0.681320990024469,0.968834227498765
2046-01-01,5.314843809375,3.94297524504132,2.71004018248996,0.288045637869109,0.433830146854369,0.880906867198215,0.536698833489611,0.658657837465227,0.938566389339729
2046-02-01,3.892968796875,2.57768597066116,1.00240965493976,0.279871456845482,0.479914954070164,0.971365164537118,0.529028786405317,0.692758943695542,0.985578593790022
2046-03-01,8.30625019296875,6.97479344917355,5.48313259317269,0.308464661033607,0.601893139379674,1.4405208302264,0.555395949781421,0.775817723037876,1.20021699297519
2046-04-01,13.9937501796875,12.9979340826446,11.5638556064257,0.475866139271802,0.703024769877736,1.32151089806661,0.68983051488884,0.83846572373457,1.14956987524318
2046-05-01,15.9914064453125,15.1045456776859,13.8156628674699,0.486146046493761,1.08392114817068,1.59172951923841,0.697241741789575,1.04111533855317,1.26163763388638
2046-06-01,20.290625171875,19.3483473181818,18.0911648634538,0.420541404822978,0.986325016230749,1.40121183608968,0.648491638205905,0.993138971257673,1.18372794006464
2046-07-01,24.56015640625,23.6115704049587,22.4112451445783,0.412809421013912,0.963268060690781,1.33761493521843,0.642502467710368,0.981462205431662,1.15655304038268
2046-08-01,27.605468921875,26.5727273966942,25.2598395461847,0.426977719955852,0.921991683138548,1.36628385624772,0.65343532193772,0.960203979963918,1.16888145517316
2046-09-01,24.521875171875,23.3801654793388,22.0104419638554,0.312116159350537,0.804169286362076,1.372148648316,0.558673571372888,0.896754864141855,1.1713874885434
2046-10-01,18.9125002265625,17.6243803347107,16.0321286947791,0.199685043110413,0.503179059857485,1.13743138466137,0.446861324249943,0.709351154124306,1.06650428253307
2046-11-01,13.81015646875,12.4471076528926,10.9373496104418,0.263281865403715,0.508975009574601,1.08307521630409,0.513109993474806,0.713424845078023,1.04070899693627
2046-12-01,8.80468762421875,7.3929752838843,5.8421687497992,0.310686512369691,0.472025167775834,0.891077549913542,0.557392601645995,0.68704087780556,0.943969040760099
2047-01-01,5.79296881328125,4.41239674710744,3.18514059678715,0.320028907629198,0.432459820580925,0.862883187644779,0.565710975348011,0.657616773342138,0.928915059434811
2047-02-01,6.7023438203125,5.4780992285124,4.02048198353414,0.261805472699327,0.59565945519668,1.23034498298097,0.511669300133717,0.771789773964828,1.10920917007613
2047-03-01,5.732812546875,4.45537195082645,2.90522090722892,0.33497786304135,0.5472947043524,1.34210975713629,0.578772721403964,0.739793690397803,1.15849460816022
2047-04-01,13.9992189140625,13.0351241818182,11.6883535702811,0.513778895337244,0.895483187668631,1.44490409841962,0.716783715870586,0.946299734581296,1.20204163755654
2047-05-01,17.860937640625,16.9479340743802,15.5767070401606,0.586651049655633,1.25080479307995,1.74639077285287,0.765931491489698,1.11839384524413,1.32151079180341
2047-06-01,19.406250140625,18.4838845082645,17.2425704899598,0.466417292716657,1.07604634192603,1.46164824755166,0.682947503631617,1.03732653582468,1.20898645466013
2047-07-01,24.5632814140625,23.6148762024793,22.4248997871486,0.423759258403189,1.0336366782622,1.37550647479611,0.650967939612382,1.01667924059764,1.17281988165111
2047-08-01,26.0335939375,25.0107439710744,23.7694780803213,0.444925603641886,1.03407491217736,1.47253238585647,0.667027438447539,1.01689473996937,1.21347945423747
2047-09-01,21.5679689296875,20.4177688429752,18.9983937670683,0.22691869723194,0.573085410411353,1.26596521929022,0.476359840070445,0.757024048766849,1.125151198413
2047-10-01,20.392187734375,19.1086778842975,17.5244982048193,0.201985716289551,0.500131876458443,1.10532485908166,0.449428210384652,0.707200025776614,1.05134431043386
2047-11-01,15.601562796875,14.3037192066116,12.7895584618474,0.230391250246274,0.495463328363385,1.11916472175818,0.479990885586668,0.703891560088189,1.05790581894523
2047-12-01,12.54687521875,11.1830580454545,9.80522109477912,0.309439045472613,0.606890193289139,1.07888390396052,0.556272456151312,0.779031574000142,1.03869336377996
2048-01-01,7.82734382734375,6.55785131528926,5.19718880923695,0.252081119319686,0.408589543764634,0.883177566711375,0.502076806195712,0.63921009360353,0.939775274579713
2048-02-01,7.56328135390625,6.25867774545455,4.81847394779116,0.301239617415167,0.563181652155976,1.01909284862904,0.548853001645402,0.750454297180032,1.00950128708637
2048-03-01,12.71484396875,11.4289258305785,9.98473911445783,0.418596828691117,0.752935799629809,1.47250805297493,0.646990593974222,0.867718733017681,1.21346942811714
2048-04-01,14.97265640625,14.0004134586777,12.5983937630522,0.508459015502101,0.849833818384324,1.41693283379339,0.713063121681455,0.921864316688917,1.19034987873036
2048-05-01,16.64843771875,15.7516530702479,14.4112451405622,0.511336097539542,1.08441639419445,1.6063246804704,0.715077686366693,1.04135315536779,1.26740864778113
2048-06-01,21.3187501796875,20.3764464752066,19.0823294819277,0.431299221555267,0.943799753592284,1.36968644292344,0.656733752410569,0.971493568477056,1.17033603846222
2048-07-01,26.6054689765625,25.6429753884298,24.3815262891566,0.399733654786102,0.897647500703143,1.29046374830628,0.632244932590291,0.947442610770248,1.13598580462358
2048-08-01,27.275000203125,26.2388431404959,24.880321502008,0.357165364567092,0.619065875210179,1.13578053880053,0.597633135432677,0.786807393972743,1.0657300496845
2048-09-01,25.7539064765625,24.6442150785124,23.2923697349398,0.322189327153228,0.794343904951981,1.33393345155156,0.567617236483555,0.89125972923272,1.15496036795708
2048-10-01,19.3632814609375,18.0818183347107,16.4839359156627,0.185963932738849,0.53800840724268,1.1351441280381,0.43123535655005,0.733490563840245,1.06543142812576
2048-11-01,15.4367189375,14.1148762603306,12.6172692409639,0.242814342618264,0.499611770309837,1.09885381111233,0.492761953298207,0.706832208030899,1.04826228164154
2048-12-01,10.12187521875,8.73223157190083,7.13052215421687,0.340305146260015,0.470990064469115,0.873742082691116,0.583356791560718,0.686287158898602,0.934741719776707
2049-01-01,5.97968757734375,4.61942153966942,3.37991970570281,0.351237695765273,0.456343252775294,0.838788717675222,0.592653099009255,0.675531829579698,0.915854091913784
2049-02-01,4.36015630234375,2.99504134586777,1.44698796915663,0.280840942589826,0.478647515366417,0.951371955555967,0.529944282533387,0.691843562784548,0.97538297891442
2049-03-01,9.0937501875,7.87727284958678,6.4718876124498,0.277755934645823,0.707489722844298,1.42122267404394,0.527025554072877,0.841124082905904,1.19215044102829
2049-04-01,14.4570314375,13.463636553719,12.0710845341365,0.501839938090705,0.805477125085028,1.38924103412375,0.708406619174824,0.897483774273958,1.17866069507885
2049-05-01,17.421875109375,16.5177687768595,15.1453817670683,0.505501925885925,1.06852122936814,1.59047246011807,0.710986586291137,1.03369300537836,1.26113934999986
2049-06-01,22.0414065234375,21.0851241694215,19.820883751004,0.44150039351644,1.02542098895802,1.38601370712545,0.664454959735,1.01263072684865,1.17729083370484
2049-07-01,28.029687671875,27.0574381942149,25.7606427389558,0.386985696013923,0.84112693124736,1.23505759473715,0.622081743835907,0.917129724328767,1.11133145133986
2049-08-01,29.0179689765625,27.9628101115702,26.6393575783133,0.411406804982952,0.840021999801261,1.27771894788845,0.641410013160811,0.916527140788128,1.13036230823947
2049-09-01,27.9070314765625,26.7789258305785,25.4000001927711,0.326170643048897,0.769305069754291,1.30370960645177,0.571113511527172,0.877100376099732,1.14180103628074
2049-10-01,19.5617189140625,18.278512607438,16.7152612369478,0.198759203801811,0.526092338815708,1.16105647325446,0.445824184855209,0.725322231022673,1.07752330520247
2049-11-01,15.544531453125,14.1694217231405,12.5887552008032,0.242489517790518,0.497733221138002,1.09455038737222,0.492432246903589,0.705502105693528,1.04620762154183
2049-12-01,10.3554689765625,8.98760347768595,7.45421694497992,0.270678507542007,0.466235755970101,0.948460030146761,0.520267726792665,0.68281458388797,0.973889126208298
2050-01-01,3.53515628359375,2.21404961041322,0.912449807309237,0.326864564666591,0.395320459054904,0.839158906194326,0.571720705123219,0.628745146346995,0.916056169781267
2050-02-01,5.22734382265625,3.90041326900826,2.33493977164659,0.299797604459908,0.472572488749025,0.935669464778081,0.547537765327569,0.687439080027478,0.967300090343261
2050-03-01,9.360937671875,8.12768607520661,6.62088360321285,0.377517206446994,0.615454481327898,1.36496538396816,0.614424288620652,0.7845090702649,1.16831733016683
2050-04-01,11.6265626953125,10.6289258264463,9.31244996827309,0.492202221825946,0.944886015637488,1.54319125062198,0.701571252137619,0.972052475763263,1.24225249068858
2050-05-01,18.36406265625,17.4297522809917,16.0915665140562,0.515076267224542,1.06101978684561,1.55682367581636,0.717688140646439,1.03005814731287,1.24772740445033
2050-06-01,21.5132814921875,20.5669423305785,19.3373496064257,0.431554532689653,1.00338402779755,1.36355903515368,0.65692810313584,1.00169058486019,1.16771530569471
2050-07-01,26.6007814375,25.6301654834711,24.3417672570281,0.369369499508028,0.800372565779794,1.23816776033828,0.60775776384019,0.894635437359707,1.11272986853876
2050-08-01,28.7421876953125,27.6648762479339,26.4216869799197,0.423718034572009,0.891831764871059,1.33767301794616,0.650936275354208,0.944368447625745,1.15657815038421
2050-09-01,25.6687501640625,24.5285125909091,23.0811246706827,0.263740200885965,0.587606925239347,1.20694067727375,0.513556424247585,0.76655523299978,1.09860851866065
2050-10-01,19.3500002578125,18.0541324049587,16.4618475903614,0.202204722047437,0.480003661500093,1.09035305490365,0.449671793697844,0.692822965482592,1.04419971983507
2050-11-01,15.1007814921875,13.7859505909091,12.2634540120482,0.235511167138472,0.494407619142151,1.10127996411468,0.485294927995824,0.703141251202169,1.04941886971537
2050-12-01,10.02734396875,8.66198363966942,7.09236954297189,0.278695226328912,0.455063347452555,0.926514165303504,0.527915927330207,0.674583832783261,0.962556058265442
2051-01-01,6.83281256328125,5.49876038636364,4.23253016787149,0.287261330302673,0.419625026691485,0.858413376114469,0.535967657888676,0.647784707052803,0.926506004359642
2051-02-01,8.25468760859375,6.95371907231405,5.51526110160643,0.287064521887396,0.532621000528124,0.980008112966395,0.535784025412662,0.729808879452781,0.98995359131951
2051-03-01,9.6351564453125,8.30743815206612,6.77228922891566,0.345132284387462,0.553056532457838,1.33346291757387,0.587479603379949,0.743677707382599,1.15475664863809
2051-04-01,14.69531278125,13.7103307355372,12.3028114578313,0.505174686909653,0.819602406508826,1.39664541705873,0.71075641883113,0.905318952915947,1.18179753640745
2051-05-01,18.486718953125,17.5545456363636,16.1526106425703,0.509664749335793,0.999087142738739,1.54661615787035,0.713908081853535,0.999543467158252,1.24363023357843
2051-06-01,22.8437501875,21.8698349049587,20.5534138674699,0.425314991338736,0.889169335369315,1.314111264241,0.652161783101966,0.942957759058864,1.14634692141646
2051-07-01,27.651562765625,26.6826447933884,25.4140564096386,0.411966044045472,0.920776327080828,1.29016454322466,0.641845810179884,0.959570907792034,1.13585410296598
2051-08-01,26.6804689453125,25.6706613181818,24.3538154779116,0.392292754736871,0.843575465988957,1.30741479713711,0.626332782741628,0.918463644347971,1.1434224053853
2051-09-01,26.56562521875,25.4074382231405,23.9650604297189,0.261801213582849,0.658782634134796,1.24607266766436,0.511665138135138,0.811654257756834,1.11627625060482
2051-10-01,22.017968953125,20.7735538719008,19.2281126184739,0.206997374335793,0.507762359994643,1.12751292294353,0.45496964111443,0.712574459263482,1.06184411423877
2051-11-01,15.424218921875,14.0256200743802,12.4614460240964,0.225471801648766,0.539838877398077,1.17479790380897,0.474838711194407,0.734737284611362,1.08388094540358
2051-12-01,9.02656271328125,7.5830579231405,6.07148600401606,0.349682650155187,0.495686916845144,0.876482090952534,0.591339707913469,0.704050365275911,0.936206222449164
2052-01-01,4.1031250296875,2.7400826607438,1.46064258730924,0.34597443493111,0.439341065288229,0.82473508594559,0.588195915432188,0.662828081245981,0.908149264133155
2052-02-01,8.112500109375,6.79628105041322,5.34819282771084,0.281417378346538,0.49363756787629,0.95218422866111,0.530487868236907,0.702593458463919,0.975799276829569
2052-03-01,9.0132815125,7.6772728231405,6.17991973092369,0.337066345059247,0.630228302301085,1.42999839151478,0.580574151215197,0.793869197224004,1.19582540176849
2052-04-01,14.1945315234375,13.2136365371901,11.8200805220884,0.51201711226644,0.864336110599918,1.43395004590961,0.715553710259712,0.929696784225867,1.19747653250893
2052-05-01,14.64062521875,13.7545456404959,12.4341367550201,0.54258852381907,1.24738592983795,1.83733811212609,0.736606084565604,1.11686432919937,1.35548445661545
2052-06-01,21.01406271875,20.0818183471074,18.8927712650602,0.436493641830881,1.05742740852522,1.3992216927518,0.660676654522378,1.02831289427159,1.18288701605513
2052-07-01,23.4484376875,22.5008266446281,21.2859439879518,0.371493569882043,0.889459856562006,1.33774524880183,0.609502723441039,0.94311179430755,1.15660937606515
2052-08-01,27.406250234375,26.4020663140496,25.1257030441767,0.476023508858448,1.09671764375037,1.45667554123609,0.689944569410071,1.04724287715428,1.20692814253214
2052-09-01,25.088281421875,23.9706613677686,22.6016065903614,0.307656851894828,0.783907451483312,1.34370708749204,0.554668235880538,0.88538548185709,1.15918380229023
2052-10-01,19.4765627265625,18.2045456487603,16.6357431767068,0.197714088656673,0.504004182459607,1.15770927300185,0.444650524183513,0.709932519652119,1.07596899258382
2052-11-01,14.657031453125,13.2743803181818,11.6706828835341,0.244202153617289,0.493614723322375,1.08796769098342,0.494168143061943,0.70257720096967,1.04305689728961
2052-12-01,8.05156264453125,6.68016534504132,5.31646591807229,0.303934623560631,0.452633992215644,0.861784250451497,0.551302660578227,0.672780790611358,0.928323354468418
2053-01-01,11.4835939296875,10.1508266487603,9.09518092409639,0.290043669525247,0.469729569003283,0.986186455929032,0.538557025323454,0.685368199585655,0.99306921003978
2053-02-01,8.3367189234375,7.10537195495868,5.61204824738956,0.278562430745709,0.517937838208242,1.0149349311854,0.527790138924278,0.719678982747337,1.00743979035246
2053-03-01,9.1906252109375,7.9863637768595,6.54779123212851,0.267313081151743,0.590892233308289,1.29984392312413,0.517023288790498,0.768695149788451,1.14010697880687
2053-04-01,13.7960939765625,12.8086778636364,11.4220886305221,0.496756353555787,0.813824737399413,1.39906664116162,0.704809444854272,0.902122351679312,1.18282147476347
2053-05-01,17.685156484375,16.7772729256198,15.373494184739,0.527100760359433,1.05529039909484,1.63993967499045,0.726017052388877,1.02727328354963,1.28060129431078
2053-06-01,20.5554689765625,19.6132233057851,18.4594379799197,0.479182535888464,1.21393219872446,1.54217860850516,0.692230117727093,1.10178591329008,1.24184484075313
2053-07-01,27.676562703125,26.7078513842975,25.4530122289157,0.454092038730478,1.02877625350652,1.36951706529358,0.673863516396665,1.01428608070234,1.17026367340595
2053-08-01,29.347656484375,28.2991738057851,26.9843375140562,0.466923590674394,1.01253041830546,1.40197139736703,0.683318074306829,1.00624570473889,1.18404873099338
2053-09-01,25.568750171875,24.3971076652893,22.9586347148594,0.25838582814975,0.657792412966124,1.26525780154503,0.50831666129466,0.811044026527613,1.12483678884762
2053-10-01,20.9429689375,19.6702481280992,18.1244981807229,0.20357222057102,0.567077947388793,1.17734102720251,0.451189783318527,0.753045780407004,1.08505346743951
2053-11-01,16.3125001796875,14.9276861322314,13.3718877630522,0.228818904134007,0.532549807036945,1.16081939044906,0.478350189854678,0.729760102387727,1.0774132867424
2053-12-01,10.46406275,9.00330595991736,7.56024103614458,0.322477814173417,0.52521727349488,0.920711248683485,0.56787130071295,0.724718754755857,0.959536997037366
2054-01-01,5.01796879765625,3.62396697561983,2.31084339196787,0.368257236029786,0.433365134801969,0.822341630047612,0.60684201900477,0.658304743110642,0.906830540976434
2054-02-01,6.66640630625,5.44504139214876,3.95020084016064,0.262878323297258,0.535680724001594,1.14573585829091,0.512716611099404,0.731902127337797,1.07039051672318
2054-03-01,10.7000001640625,9.4648762446281,7.94136558393574,0.377952774803288,0.576396074513384,1.32429022890312,0.61477863886385,0.759207530595807,1.15077809715997
2054-04-01,14.0804689140625,13.0933886115702,11.6963857309237,0.495757222797874,0.832902130578662,1.41268847632157,0.704100293138608,0.912634719139406,1.18856572233998
2054-05-01,19.72187521875,18.793388607438,17.4084338955823,0.609753979330881,1.26642908073126,1.72400116242726,0.780867453112806,1.12535731247069,1.31301224763033
2054-06-01,25.1851564609375,24.1896696322314,22.818072497992,0.487730677768376,1.04939492866174,1.42205114846499,0.698377174432539,1.02439978946783,1.19249786098969
2054-07-01,28.0875001796875,27.1173555206612,25.8136548273092,0.37622052578755,0.792311604101495,1.21618382208528,0.613368181264361,0.890118870770357,1.10280724611569
2054-08-01,30.8296876796875,29.7644630413223,28.4036146385542,0.465568418381054,0.9208895607697,1.33389809944632,0.682325742135715,0.959629908230095,1.15494506338887
2054-09-01,25.2734376796875,24.1140498140496,22.6811246907631,0.263068391510975,0.653079800247082,1.2409728409381,0.512901931670154,0.808133528723491,1.11398960539949
2054-10-01,20.5781251953125,19.2954547024793,17.7293174176707,0.208494063730473,0.537365150811148,1.13554820712216,0.456611501969096,0.733051942778373,1.06562104292387
2054-11-01,14.3578126875,13.0057853305785,11.4578315461847,0.229544783661571,0.523866822605699,1.14422269578331,0.479108321428016,0.723786448205339,1.06968345587997
2054-12-01,12.5539064375,11.1995869669421,9.72690781927711,0.267386224311177,0.497302722471949,0.977781218331544,0.51709401883137,0.705196938785152,0.988828204660215
2055-01-01,8.778125171875,7.50123972603306,6.31807235060241,0.280935026476521,0.39066237570628,0.84866402292656,0.530033042815749,0.625029899849823,0.921229625515029
2055-02-01,7.04062504921875,5.80041327396694,4.25983940160643,0.274399617386823,0.47464714235487,1.10434837410417,0.52383166894225,0.688946400204595,1.05087980954254
2055-03-01,11.1250002265625,9.88512415289256,8.39959854618474,0.388503944488366,0.637371081410255,1.39471774947544,0.623300845890943,0.798355235099172,1.18098168888236
2055-04-01,15.807812734375,14.8640497644628,13.435743184739,0.492064466387976,0.761980192932488,1.37117699097374,0.701473068897143,0.872914768423864,1.17097266875608
2055-05-01,19.004687703125,18.0814051735537,16.6477913694779,0.531946408317093,1.06915483339409,1.63452136800768,0.729346562559318,1.03399943587706,1.27848401163553
2055-06-01,22.726562671875,21.7607440206612,20.4746989839357,0.408107761663529,0.908037611107472,1.31213950801609,0.638833125051863,0.952910075037237,1.14548658133393
2055-07-01,26.853906453125,25.8797522768595,24.6040162771084,0.426283819463746,0.984277120287537,1.31974187786323,0.652904142630253,0.992107413684394,1.14880019057416
2055-08-01,28.5546876640625,27.5066117727273,26.2220885582329,0.43619835278065,0.953317088131571,1.36584081049699,0.660453142002254,0.976379581992357,1.16869192283381
2055-09-01,27.6265627109375,26.5033060247934,25.1168676305221,0.313462148548396,0.767457924433501,1.32374665837557,0.559876904817832,0.876046759273443,1.15054189770541
2055-10-01,21.1781251953125,19.9334712768595,18.4112452248996,0.187864213336773,0.551364639906201,1.17051817534026,0.43343305519627,0.742539318761102,1.08190488276015
2055-11-01,14.7968752265625,13.4140497933884,11.81204837751,0.235580716387972,0.499137896265725,1.10816078029553,0.485366579389199,0.706496918794219,1.05269215837087
2055-12-01,11.5484377265625,10.1698349173554,8.64056238554217,0.291808550320059,0.465766790062234,0.918469083173125,0.54019306763421,0.682471091008428,0.958367926828274
2056-01-01,7.11875005546875,5.78966948471074,4.61124504096386,0.279960662627977,0.427403185932939,0.882695653928955,0.529113090584591,0.653760801771519,0.939518841710455
2056-02-01,4.62265628984375,3.24049588595041,1.70000001863454,0.322710989007146,0.426735027798775,0.854758085419356,0.568076569669218,0.653249590737549,0.924531278767439
2056-03-01,9.793750203125,8.46735550578512,6.99156633855422,0.300275602559218,0.596398879723713,1.43521089631173,0.547974089313736,0.772268657737521,1.19800287825686
2056-04-01,15.676562734375,14.7272728884298,13.3164660963855,0.492989679576953,0.81004146669195,1.40259068810421,0.702132237955894,0.900023036756255,1.18431021616138
2056-05-01,18.5031252265625,17.5714877644628,16.2156629317269,0.465501916683248,0.918561227746098,1.46398752447552,0.682277008760553,0.958415999316632,1.20995352161789
2056-06-01,22.232031421875,21.2776861322314,20.005622686747,0.397154888705852,0.843898402887568,1.27367789662537,0.630202260156096,0.918639430292194,1.12857339000411
2056-07-01,28.3828127890625,27.4061985454545,26.1349399678715,0.408521105290561,0.927969739769029,1.28663717444634,0.639156557731016,0.963311860079086,1.13430030170424
2056-08-01,28.9945314375,27.9706613429752,26.6349399839357,0.450442303445035,0.949301634254807,1.36034687735152,0.671149985804243,0.974321114548385,1.16633909192461
2056-09-01,25.7320314921875,24.667768785124,23.3698796787149,0.341091906213276,0.942774241521364,1.50227466852909,0.584030740811882,0.970965623243874,1.22567314914258
2056-10-01,21.6312501953125,20.375206822314,18.8337351325301,0.213188971948977,0.539382784225674,1.15530893253028,0.461723913122309,0.734426840621769,1.07485298182136
2056-11-01,16.253125203125,14.9396696322314,13.4574299277108,0.235580666437171,0.520909461856756,1.13511598406222,0.485366527932418,0.72174057794803,1.06541822026011
2056-12-01,10.6070314453125,9.17809936735537,7.7128515502008,0.318296665539036,0.512920843876222,0.915076266035207,0.564177866934743,0.716184922960699,0.956596187550006
2057-01-01,5.803125065625,4.41198353636364,3.15060243293173,0.339202768248047,0.425540470353569,0.833316180127287,0.582411167688298,0.652334630656359,0.912861533929044
2057-02-01,8.81640640546875,7.49834718181818,6.06947796626506,0.27854760426809,0.475764946068422,0.938419483301283,0.527776092929653,0.689757164564763,0.968720539320439
2057-03-01,10.0484377367187,8.77644644545455,7.25502019156627,0.359839993580397,0.587036333678676,1.34772682399799,0.5998666464977,0.766182963578985,1.1609163725256
2057-04-01,14.3789064921875,13.4280993636364,11.9710845140562,0.466087009313669,0.657381506368249,1.32682185069972,0.682705653494732,0.810790667415609,1.15187753285656
2057-05-01,18.37109390625,17.476859714876,16.0417672971888,0.53183504749029,1.01025059495233,1.62437756906677,0.729270215688458,1.00511223002823,1.27451071751742
2057-06-01,21.745312703125,20.8095043264463,19.4919680763052,0.502025120817092,1.13156896515567,1.49888686355762,0.708537310815099,1.0637523044185,1.22429035100242
2057-07-01,27.1804689765625,26.2041324132231,24.9345383253012,0.384418754392401,0.869194440684625,1.28146359402139,0.620015124325529,0.932305980182807,1.13201748839026
2057-08-01,28.0703127265625,27.038016714876,25.7064259437751,0.40352117969998,0.830581898391839,1.30173281090509,0.635233169552708,0.911362660191781,1.14093505989828
2057-09-01,25.1218751484375,23.9661158801653,22.5341366947791,0.240305116289497,0.608307694914587,1.21725744770708,0.490209257653808,0.779940827829001,1.10329390812561
2057-10-01,21.1328127265625,19.8574382231405,18.2783134859438,0.205056592101555,0.492081397620274,1.10630189468537,0.452831748115737,0.701485137134262,1.05180886794387
2057-11-01,15.512500171875,14.1971076735537,12.6449800923695,0.238582650787545,0.471236395586752,1.07312995496516,0.488449230511775,0.686466601945609,1.03591985933525
2057-12-01,7.98750011953125,6.53966947727273,5.09919684698795,0.322047324429222,0.488212333952896,0.881692921215197,0.567492136006502,0.698721928919435,0.938985048451357
2058-01-01,6.7367188203125,5.3888430322314,4.07228920080321,0.27525528278791,0.434190361497905,0.892495163993402,0.524647770211511,0.658931226682956,0.944719621894984
2058-02-01,5.62656255234375,4.25165293429752,2.68232933959839,0.317871547748537,0.438358278338544,0.860815528292268,0.563800982394086,0.662086307318422,0.927801448744433
2058-03-01,9.75468770546875,8.46942166280992,6.95983943012048,0.348796762389435,0.548521757930936,1.35781611640371,0.590590181419768,0.740622547544251,1.16525367040988
2058-04-01,13.5046876796875,12.5214878595041,11.1823294951807,0.524859729798377,0.925013516175906,1.49444451637759,0.724472035207969,0.961776229783158,1.22247475081393
2058-05-01,16.82421890625,15.9512398512397,14.608835562249,0.569093878002102,1.17669963564365,1.75226027773045,0.754383110893995,1.08475786959286,1.32372968453928
2058-06-01,19.6515627421875,18.7384299421488,17.5959841285141,0.386611674827941,0.986193287843507,1.41716131258598,0.621781050553924,0.993072649831576,1.19044584613748
2058-07-01,26.6968752265625,25.7380167107438,24.4710845381526,0.364872094340728,0.799544594972887,1.21553145209888,0.604046433927664,0.894172575609925,1.10251142946406
2058-08-01,27.54375015625,26.4747935619835,25.2622491807229,0.430511844488322,0.997743746833243,1.43913364127169,0.65613401412236,0.998871236362947,1.19963896288495
2058-09-01,24.4132814765625,23.3227275041322,21.9935744819277,0.32635767169063,0.849066437570907,1.3955230647851,0.571277228401964,0.921448011322889,1.18132259132935
2058-10-01,23.5500001796875,22.3814051198347,20.8437752931727,0.177007877952904,0.604092663753094,1.16884218227118,0.420723041861156,0.777233982628844,1.08113004873196
2058-11-01,15.2843752265625,13.9413225123967,12.371486184739,0.241013791387972,0.48260070494855,1.09212724444571,0.490931554687588,0.694694684698645,1.04504891964238
2058-12-01,14.2679689140625,12.8347109214876,11.5128515863454,0.351013137167953,0.578209254634762,0.979592267521848,0.592463616746171,0.760400719775278,0.989743536236458
2059-01-01,6.4351563203125,5.09834717024793,3.97911649493976,0.261352728678658,0.479665298893057,1.01343310829389,0.51122669010788,0.692578731187333,1.00669414833597
2059-02-01,7.876562546875,6.56280998429752,5.12329322771084,0.281178671505934,0.39844517718324,0.846471392742596,0.530262832476437,0.631225139853634,0.920038799585429
2059-03-01,7.414062565625,6.11611576818182,4.61285146184739,0.269879417352378,0.546336726671597,1.37644712137972,0.519499198606098,0.739145944094667,1.17322083231578
2059-04-01,16.6320314765625,15.6871902727273,14.2783134899598,0.499989519820551,0.834897506368249,1.41275360856994,0.707099370541758,0.913727260383671,1.18859312153905
2059-05-01,20.37421890625,19.4280993842975,18.0746990361446,0.532637133120212,1.07124033839734,1.50810707599124,0.729819931983371,1.03500740982726,1.22805011135183
2059-06-01,22.1265627421875,21.1764464297521,19.9413656506024,0.412989655536602,0.981393139823864,1.35461263893007,0.642642712194422,0.990652885638489,1.16387827496266
2059-07-01,27.66640646875,26.6892564132231,25.3702813373494,0.44823263272655,0.977311446610368,1.33556493093358,0.669501779479749,0.988590636517648,1.15566644449581
2059-08-01,27.01718765625,26.0462811900826,24.7867471646586,0.407576297736354,0.946064963691391,1.3563155372038,0.638417024942438,0.972658708741864,1.16460960720913
2059-09-01,23.55781265625,22.4657026652893,21.108835497992,0.309387308563125,0.759026313964008,1.33016358935432,0.556225950997546,0.871221162486316,1.1533271822663
2059-10-01,20.84687525,19.5582646363636,17.9273094297189,0.199832653543496,0.501030993278838,1.07779964583511,0.447026457319358,0.707835428103763,1.03817129888815
2059-11-01,15.9312502109375,14.5409093016529,12.9293174779116,0.244999974114341,0.491141010901714,1.0814353745435,0.494974720682118,0.700814533883048,1.03992085013404
2059-12-01,12.393750171875,11.0512398760331,9.56867484417671,0.267992088779671,0.49761256421264,0.999014845800743,0.517679523237757,0.705416589124923,0.999507301524478
2060-01-01,5.3593750640625,4.03264466198347,2.75020082032129,0.318494102096472,0.408846931546251,0.807671334581165,0.564352817036003,0.639411394601512,0.898705365835303
2060-02-01,5.23203132109375,3.88842979876033,2.39799198875502,0.291800573008136,0.440197558868361,0.895278217358144,0.540185683823754,0.663473856959234,0.94619142743852
2060-03-01,10.768750203125,9.53388445867769,8.00160653373494,0.375551163976541,0.558017262727751,1.30443297541658,0.61282229396175,0.747005530587124,1.14211775899711
2060-04-01,14.4921876640625,13.5611571983471,12.1751006144578,0.489072304158603,0.891596935667645,1.4979259206829,0.699337046179167,0.944244108092629,1.2238978391528
2060-05-01,18.983593984375,18.1028927644628,16.6835343333333,0.583429542199984,1.19596676067709,1.75831637892554,0.763825596716936,1.0936026520986,1.32601522575178
2060-06-01,19.7054689609375,18.8024795909091,17.6879520722892,0.408237551021329,1.01642532155295,1.43372521537136,0.638934700123048,1.00817921102994,1.19738265202539
2060-07-01,27.59062521875,26.6309919297521,25.3618475542169,0.386525580511983,0.87144213224185,1.24753042794093,0.621711814679425,0.933510649238588,1.11692901651848
2060-08-01,28.628906453125,27.6095042603306,26.2871487871486,0.433567289542486,0.944681063513023,1.36451151506364,0.658458267122895,0.971947047689854,1.1681230735944
2060-09-01,25.3421877109375,24.2132233636364,22.7755022329317,0.253954167101546,0.560405275196498,1.1992763870678,0.503938654105384,0.748602214261017,1.09511478259943
2060-10-01,21.221093890625,19.9384299297521,18.3682733052209,0.1999452733515,0.558143541082414,1.15064257093876,0.447152405060623,0.747090048844458,1.07268008788211
2060-11-01,16.2687501953125,14.952892785124,13.4510042289157,0.235078709941103,0.503995743959572,1.1155736193129,0.484849162050532,0.709926576456729,1.05620718578928
2060-12-01,12.5851564375,11.1884299380165,9.73413669718875,0.299699251870232,0.515633208909312,0.953709124558036,0.547447944438768,0.718076046745267,0.976580321611098
2061-01-01,9.39218771328125,8.04256213801653,6.91726912891566,0.293639290603022,0.446770266998495,0.936353818868719,0.541884942218384,0.668408757422055,0.967653770141324
2061-02-01,6.95078130625,5.67231410785124,4.16867474417671,0.27259782412403,0.53296475814514,1.02514384096192,0.522109015555209,0.730044353546509,1.01249387206142
2061-03-01,8.028125125,6.75495874338843,5.1827309811245,0.347391823622141,0.523232569871762,1.29845059615236,0.589399544979584,0.723348166425935,1.13949576399053
2061-04-01,12.577343921875,11.6483472768595,10.2995985767068,0.504285795841679,0.996781470865338,1.61076602724202,0.710130830088146,0.998389438478462,1.26915957516855
2061-05-01,14.6734377265625,13.8123968801653,12.5823295341365,0.476139304257066,1.21660915685348,1.79863821493734,0.690028480757908,1.10300007110312,1.34113318314675
2061-06-01,19.4703126953125,18.5669424090909,17.4542170722892,0.431080173105473,1.13417235168223,1.54257281677047,0.65656696010801,1.06497528219308,1.24200354941943
2061-07-01,26.6882814609375,25.7247935619835,24.5044178554217,0.435373416597117,1.03581424475855,1.38663365224137,0.659828323579033,1.01774959826008,1.17755409737361
2061-08-01,30.0187501640625,28.9603307809917,27.7349399437751,0.523897636319036,1.19526621510938,1.52542748420147,0.723807734359779,1.0932823126299,1.23508197468892
2061-09-01,26.05781265625,24.9177687892562,23.518875686747,0.291119584153676,0.709682991581379,1.30548909679054,0.539554987145588,0.84242684642726,1.14258001767515
2061-10-01,22.0187502265625,20.7483472561983,19.1738957911647,0.195393679626161,0.557113446315411,1.14242065483888,0.442033572962689,0.746400325773918,1.06884079957629
2061-11-01,17.2109376875,15.8603308016529,14.33734962249,0.225233809252122,0.52663558522016,1.14742997669081,0.474588041623598,0.72569662064816,1.07118157970104
2061-12-01,10.4882814921875,9.06157042561983,7.54297198072289,0.325137176390441,0.492334499629789,0.882541183021496,0.570208011510222,0.701665518341745,0.939436630657702
2062-01-01,8.8429688828125,7.54752074090909,6.32610448915663,0.264832100898246,0.469641164242357,0.917017442321887,0.514618403186522,0.685303702195134,0.957610276846425
2062-02-01,8.39609393828125,7.06652899380165,5.58755025823293,0.286835038766136,0.460576305402789,0.906497623139345,0.53556982622823,0.67865772330593,0.952101687394443
2062-03-01,10.3671876484375,9.03842998553719,7.60160656586345,0.324426675172371,0.705363582835126,1.53854593870005,0.569584651454348,0.839859263707394,1.24038136824932
2062-04-01,16.8070314453125,15.8404960950413,14.4056226987952,0.485068218294942,0.756776471540933,1.35633924165064,0.696468390018486,0.869929003735899,1.16461978415732
2062-05-01,19.4273438828125,18.486363838843,17.0939761325301,0.490348744451395,0.935373386458103,1.48000386589602,0.700249058872195,0.967147034559949,1.21655409493208
2062-06-01,23.9000001328125,22.9210745082645,21.6136547871486,0.431810965354447,0.938516635496151,1.3332805804445,0.657123249744252,0.968770682615938,1.15467769548238
2062-07-01,27.6757814453125,26.7132233016529,25.4775102168675,0.427204134535099,0.993600330784402,1.33279858711311,0.653608548395061,0.996795029474165,1.15446896325242
2062-08-01,28.8562502265625,27.8136365454545,26.6004018554217,0.510196777460806,1.19645230622422,1.55004027253873,0.714280601347122,1.09382462315685,1.24500613353458
2062-09-01,27.3726564609375,26.2458679586777,24.8694781044177,0.330033794894361,0.821497380700405,1.3648710300753,0.574485678580729,0.906364926892256,1.1682769492185
2062-10-01,21.03593765625,19.7421489380165,18.15060262249,0.194918811515881,0.535809421659212,1.12371945030137,0.441496105889827,0.731990042049215,1.06005634298436
2062-11-01,17.2554689375,15.8950415826446,14.3658636787149,0.226584041043461,0.539975285525381,1.14951536201922,0.476008446399285,0.73483010657252,1.07215454204103
2062-12-01,13.7531251640625,12.3384299214876,10.8927712891566,0.327549158809193,0.512749379064645,0.925673345520956,0.572319105752371,0.716065205874888,0.962119195069382
2063-01-01,7.285937565625,5.93719014090909,4.71084343172691,0.27917076579726,0.428154719366977,0.880648117246419,0.528366128548433,0.654335326393873,0.938428536035866
2063-02-01,6.33593756796875,5.04049591942149,3.49678717638554,0.286099899485744,0.495199764495743,0.999183204271543,0.534883070853569,0.703704316098561,0.999591518707288
2063-03-01,12.815625109375,11.5487605165289,10.0590363341365,0.391564971358366,0.644002621206558,1.37404102734566,0.625751525254526,0.802497739066321,1.17219496132071
2063-04-01,14.559375171875,13.5975208595041,12.2357431566265,0.505580724311167,0.880740657405599,1.45408017202373,0.711041998978378,0.938477840657732,1.20585246693936
2063-05-01,16.2023439765625,15.3268597190083,14.0875504176707,0.501175624717204,1.22545822336014,1.71343321518996,0.707937585325998,1.10700416591815,1.30898174746249
2063-06-01,22.2234376640625,21.2752068512397,20.0546186465863,0.415351856028681,0.979050749151447,1.36506925345914,0.644477971717173,0.989469933424683,1.16836178192336
2063-07-01,23.91093771875,22.9780993760331,21.8012050040161,0.388068395964739,0.958812934299397,1.34826471549763,0.622951359228583,0.979189937805428,1.16114801618813
2063-08-01,28.8632815,27.7685952107438,26.4899600441767,0.402814258464756,0.887225368835229,1.34106808557472,0.634676499064488,0.941926413705035,1.15804494108593
2063-09-01,25.8039064921875,24.6954547231405,23.3381528232932,0.315181406557763,0.769066398302674,1.33744977482528,0.561410194561662,0.876964308454269,1.1564816361816
2063-10-01,21.5859376875,20.3070250123967,18.7779118273092,0.212084163582831,0.581070788824286,1.18471179856538,0.460525964070247,0.762279993719031,1.08844466950111
2063-11-01,16.610156453125,15.2487604917355,13.6883535783133,0.232100761786581,0.506492212016185,1.11530733570425,0.481768369433466,0.711682662438945,1.05608112174409
2063-12-01,10.1796876875,8.78842990413223,7.18273099518072,0.30289126830724,0.456795146047242,0.901515142688208,0.550355583516003,0.675866219045783,0.949481512557358
2064-01-01,4.1742187828125,2.75909092892562,1.45421688626506,0.315629311587114,0.428402489845343,0.86047611355519,0.561808963605169,0.654524628906616,0.927618517255445
2064-02-01,8.72656268984375,7.39793396363636,5.9208835811245,0.289210182748677,0.474726057433602,0.919642744975073,0.537782653819066,0.689003670116206,0.958980054524114
2064-03-01,8.99218768984375,7.71983479752066,6.28032135100402,0.266237677163047,0.623173467034791,1.46174828436554,0.515982245007565,0.789413368923273,1.20902782613368
2064-04-01,13.517968921875,12.5789258016529,11.1975905943775,0.486839895152703,0.895197157326716,1.52951037377593,0.697739131160567,0.94614859156832,1.23673375217786
2064-05-01,19.793750171875,18.8702481322314,17.4807230803213,0.546732332874159,1.12234754182657,1.62317534069195,0.739413506012812,1.05940905311715,1.27403898711615
2064-06-01,23.41406265625,22.452892768595,21.1811247028112,0.463580180610369,1.075116007956,1.42532774703994,0.680867226858783,1.03687801016127,1.19387090886743
2064-07-01,27.5742189765625,26.6057853305785,25.3329319638554,0.391534802916023,0.870588797709434,1.24697574174782,0.625727419022072,0.933053480626611,1.11668068029666
2064-08-01,27.12109390625,26.0252068057851,24.6622491646586,0.322150008120211,0.688532093361153,1.23534337150552,0.567582600262034,0.829778339896356,1.11146001795185
2064-09-01,26.90000021875,25.7983473181818,24.4654620481928,0.350236270866314,0.852528406687181,1.38597967879599,0.59180762994939,0.92332464858639,1.17727638165215
2064-10-01,21.5804689296875,20.2975208677686,18.6991969839357,0.188198165145326,0.525802923836796,1.11185411788784,0.433818124500724,0.725122695712109,1.05444493354932
2064-11-01,16.3421876796875,14.9677688181818,13.3526106706827,0.249229823302314,0.490326163993178,1.06451946215849,0.49922922921471,0.700232935524443,1.03175552441384
2064-12-01,12.21718765625,10.857438214876,9.35140583493976,0.281592030019818,0.472247392764468,0.93968565126393,0.530652456905476,0.687202584951823,0.969373844945246
2065-01-01,7.686718875,6.34338849173554,5.03373499558233,0.278326247244171,0.420806720273668,0.855308977371758,0.527566343926687,0.648696169461226,0.924829161181544
2065-02-01,6.72656257734375,5.3983471768595,3.83935746666667,0.299761298220982,0.462818840574756,0.929331852195888,0.547504610228062,0.680307901302606,0.964018595357936
2065-03-01,11.057812796875,9.72479356735537,8.21686765582329,0.352379429183281,0.609922126648753,1.39285970509924,0.593615556722767,0.780975112694862,1.18019477422129
2065-04-01,15.1203126796875,14.1714877933884,12.7843375943775,0.506985750910582,0.907357860937708,1.49003597489331,0.71202931885603,0.952553337581528,1.22067029737489
2065-05-01,18.699219046875,17.8037191942149,16.4630523975904,0.548897029404738,1.06467490604933,1.61588735884845,0.740875852896245,1.03183085147195,1.27117558143966
2065-06-01,22.4773439765625,21.5276861570248,20.2951809598394,0.406647941646338,0.920267611467535,1.32223484853302,0.637689533900579,0.959305796640224,1.14988471097455
2065-07-01,30.0703127109375,29.0876035082645,27.7935745461847,0.413127432308239,0.931049036233488,1.29770055513039,0.642749898722854,0.964908822756579,1.13916660551931
2065-08-01,29.2687501875,28.2235539504132,27.0192772931727,0.512874059055272,1.17342631686174,1.51172368026638,0.716152259687332,1.08324804032213,1.22952172826119
2065-09-01,26.4070313984375,25.2442150578512,23.8297190763052,0.262548596912037,0.707539027948437,1.28758100140902,0.512394961833191,0.841153391450357,1.13471626471511
2065-10-01,20.9625001953125,19.6764464958678,18.1040162690763,0.191811022637954,0.573924243366309,1.1631290013151,0.437962352991617,0.757577879406671,1.07848458557139
2065-11-01,18.25312521875,16.9086778760331,15.3751006425703,0.230698815945054,0.508928540502881,1.13268391966918,0.480311165750968,0.713392276733412,1.06427624218019
2065-12-01,8.86015647109375,7.4599174446281,5.88995989156627,0.281943302442347,0.460088011695803,0.917681041691294,0.530983335371598,0.678297878292276,0.957956701365617
2066-01-01,9.12343770546875,7.80619843429752,6.55381532048193,0.261966015962269,0.473944877169221,0.948866452536615,0.511826157950401,0.68843654549219,0.974097763336214
2066-02-01,4.65000005,3.33305786818182,1.74899600305221,0.322677173385839,0.404130867962692,0.866944568296543,0.568046805629465,0.635712881702654,0.931098581406149
2066-03-01,12.868750171875,11.5607439917355,10.0783134236948,0.386574806102506,0.651274167333236,1.40791489358739,0.621751402171725,0.807015592992624,1.18655589568608
2066-04-01,13.8320314453125,12.8528927190083,11.485944,0.494320309239824,0.8536222563768,1.43798713139997,0.703079162854243,0.923916801653049,1.19916101145758
2066-05-01,19.21406275,18.2950415247934,16.9048194497992,0.533186614173417,1.06926986005297,1.6086057002139,0.730196284688862,1.03405505658692,1.26830820395277
2066-06-01,24.5710939921875,23.5946282768595,22.2827311606426,0.485378339111898,1.05951464809521,1.41256344358743,0.69669099255832,1.02932727938941,1.1885131230186
2066-07-01,26.14296896875,25.1818183760331,23.9847391285141,0.431918745423401,1.0610788178802,1.43444353687344,0.657205253648661,1.03008680113872,1.19768256932855
2066-08-01,29.17421896875,28.1413224669421,26.8112451646586,0.418463944242298,0.905837160172963,1.34156655653921,0.64688789155641,0.951754779432687,1.15826014199713
2066-09-01,26.778906453125,25.6545456280992,24.2698797630522,0.289708991904691,0.688713668955255,1.27396808088825,0.538246218662696,0.82988774479158,1.12870194510697
2066-10-01,21.654687734375,20.3648762561983,18.7622491646586,0.190214064714748,0.517972818566067,1.10776257957003,0.436135374298792,0.719703285087728,1.05250300691734
2066-11-01,16.121094,14.7404960413223,13.1273094056225,0.246401934842709,0.485573243544604,1.07296088747909,0.496388894761667,0.696830857198936,1.03583825353145
2066-12-01,9.185156484375,7.80123978140496,6.2056225437751,0.294344927288567,0.444438372663908,0.897952140820067,0.542535646099467,0.666662112815711,0.947603366826051
2067-01-01,7.2078125375,5.93966947603306,4.63694785341365,0.268599889173238,0.378917738698961,0.828468087725432,0.518266233873323,0.615562944546665,0.910202223533557
2067-02-01,6.66093755625,5.30413229008264,3.79919682449799,0.291690433563006,0.486289910337108,0.931692913517627,0.540083728289425,0.697344900560051,0.965242411789715
2067-03-01,10.3781251484375,9.08471090041322,7.59036153895582,0.363454691584773,0.657151241871465,1.42135841394002,0.602872035829141,0.810648655011198,1.19220737035971
2067-04-01,15.0546876796875,14.0950415206612,12.7092371445783,0.513521160507038,0.894996024327172,1.47745458352782,0.716603907683344,0.946042295210511,1.21550589613042
2067-05-01,17.790625171875,16.8917357396694,15.5160644096386,0.501958664665498,1.04889401113833,1.65635393689934,0.708490412543104,1.02415526710471,1.28699414796624
2067-06-01,21.120312734375,20.1772728966942,18.9421688514056,0.456749521899787,1.09802906665423,1.48752913147119,0.675832465852142,1.04786882130076,1.2196430344454
2067-07-01,25.6828127265625,24.7359505743802,23.5016066024096,0.362222010211791,0.81467728797037,1.25233606325964,0.601848826709657,0.902594752904298,1.11907822034907
2067-08-01,28.3664065078125,27.361157285124,26.0582331124498,0.417051547182772,0.914750586420412,1.35284523084287,0.64579528271951,0.956425944033521,1.16311875182325
2067-09-01,27.77031275,26.6425621487603,25.2546187188755,0.315332089763968,0.776894569150716,1.33055318262747,0.561544379158022,0.881416229230388,1.15349606961943
2067-10-01,21.9593751953125,20.7119837107438,19.0991970120482,0.176761827017875,0.519731278605169,1.10620912438481,0.420430525792163,0.720923906251672,1.05176476665879
2067-11-01,16.698437671875,15.3115704421488,13.7204820963855,0.227084163533608,0.519782566050704,1.12163517438802,0.476533486266818,0.72095947601145,1.05907278993845
2067-12-01,11.988281484375,10.595454714876,9.12329332570281,0.297105642347622,0.503091331837184,0.943971408643083,0.545073978784185,0.709289314622167,0.971581910413673
2068-01-01,8.9984376796875,7.63305793305785,6.48955828835341,0.291493598203889,0.446537552037363,0.939406655700881,0.539901470829529,0.668234653424501,0.969229929222618
2068-02-01,9.04218771875,7.76322321115703,6.27791171084337,0.274269216830881,0.517023621942705,1.0007601571091,0.523707186155471,0.719043546624754,1.00038000635214
2068-03-01,11.002344015625,9.67107453966942,8.18232949437751,0.311569172564173,0.593848724872394,1.43404151231681,0.558183816107358,0.770615808864828,1.19751472321505
2068-04-01,13.8289064296875,12.8442150909091,11.4855423855422,0.551047631065601,1.01890830551095,1.56761260713192,0.742325825406608,1.00940987983621,1.25204337270397
2068-05-01,16.751562734375,15.8479340991736,14.5108435823293,0.509131494537583,1.09470527783015,1.67863195308023,0.713534508301864,1.0462816436458,1.29562029664568
2068-06-01,21.800000234375,20.8648762479339,19.719277313253,0.462519685039551,1.16386492337728,1.49672371416651,0.680087998011692,1.07882571501484,1.22340660214277
2068-07-01,27.15000021875,26.2033059380165,25.0012050240964,0.440000042519857,1.0540968694079,1.38253883883615,0.663324990121627,1.02669219798725,1.17581411746762
2068-08-01,27.05468765625,26.0450415206612,24.816466064257,0.418875514271787,0.984726336360367,1.42597774723102,0.64720592879839,0.992333782736619,1.19414310165533
2068-09-01,23.9929689375,22.7966944214876,21.3931728714859,0.253887170177319,0.717665384657755,1.33209025076126,0.503872176427037,0.847151335156686,1.15416214231851
2068-10-01,21.7007814140625,20.4107440041322,18.8542170763052,0.208267071198465,0.534323976194394,1.14112125746227,0.456362872283082,0.730974675480891,1.06823277307068
2068-11-01,15.1710939921875,13.8132233016529,12.2903616586345,0.245063376907173,0.494762189705564,1.06829383101455,0.49503876303495,0.703393339253056,1.03358300634954
2068-12-01,13.0382814375,11.6950415123967,10.2305223052209,0.264900993996217,0.534415147066442,1.0284195138394,0.51468533493409,0.731037035358977,1.0141102079357
2069-01-01,8.807812625,7.48884304628099,6.25100407389558,0.273166861811134,0.432281674260865,0.884121981560773,0.522653672914612,0.65748131095938,0.94027760877348
2069-02-01,5.94296881328125,4.69049592396694,3.15742974698795,0.273021052274868,0.516797273752628,1.06382566167768,0.522514164664335,0.718886134066187,1.03141924631921
2069-03-01,9.17968766640625,7.89049596652893,6.40361451285141,0.356434579254567,0.68318736510449,1.47196270358435,0.597021422776911,0.826551489687418,1.21324470062076
2069-04-01,17.467187671875,16.4747936528926,15.0991969437751,0.5143478845966,0.830772742306701,1.37169292830691,0.717180510469017,0.911467356687392,1.17119295092948
2069-05-01,19.189062703125,18.2971076404959,16.8674701004016,0.54129678951788,1.08285462610009,1.68454220162279,0.735728747241726,1.04060301080676,1.29789914924958
2069-06-01,22.762500171875,21.8090911363636,20.5867471726908,0.433543359448962,1.01867216597528,1.38042837370789,0.658440095565999,1.00929290395568,1.17491632625812
2069-07-01,28.2570313984375,27.2925622272727,26.0606427670683,0.429398980376604,1.01230962426547,1.36602538163638,0.655285419017243,1.00613598696472,1.16877088500543
2069-08-01,27.0687501796875,26.0549588471074,24.8124500040161,0.407519682185188,0.97261014805062,1.4339168844865,0.638372682831266,0.986209991863102,1.19746268605184
2069-09-01,25.7515626875,24.5859506446281,23.1751006064257,0.271808549803303,0.715237507794836,1.3159097267329,0.521352615609918,0.845717155906652,1.14713108524392
2069-10-01,21.23203140625,19.9392564090909,18.3558234899598,0.202351768454857,0.499987850255645,1.10441155304136,0.44983526813141,0.707098189967734,1.0509098691331
2069-11-01,14.6148439765625,13.2731406776859,11.6775102449799,0.261273979638464,0.461972636459804,1.02626631015692,0.511149664617384,0.679685689462272,1.01304802954101
2069-12-01,13.588281484375,12.2504133760331,10.8056226666667,0.265137232898803,0.560850459531696,1.07045205169078,0.514914782171577,0.748899498952761,1.03462652763728
2070-01-01,7.0320312921875,5.67933890247934,4.43212856425703,0.27258796526822,0.454924028671871,0.906705537436855,0.522099574093122,0.67448056211567,0.952210868157288
2070-02-01,5.51562505390625,4.19297523801653,2.63694780610442,0.315029528695879,0.410780338166051,0.947500325074169,0.56127491365273,0.640921475819036,0.973396283675959
2070-03-01,10.0648440023437,8.80950429917355,7.29638563212851,0.375998353591478,0.62227447945214,1.37623696399151,0.613187046170643,0.788843761116319,1.17313126460405
2070-04-01,15.138281453125,14.160330785124,12.7558234658635,0.499231657357447,0.83078492332241,1.42941153477473,0.706563272012809,0.911474038753935,1.1955799993203
2070-05-01,19.1304689765625,18.2119836570248,16.8674700120482,0.53709591895933,1.13583089234609,1.62559090310933,0.73286828213488,1.06575367339085,1.27498662860021
2070-06-01,21.3039064609375,20.3570250123967,19.1445785421687,0.467307509166014,1.13714960500686,1.48498061871374,0.683598938827449,1.06637217002642,1.21859780843137
2070-07-01,28.482031421875,27.5185952231405,26.28433762249,0.433296636737348,1.02176894223121,1.34342303545492,0.65825271494871,1.01082587137014,1.15906127338244
2070-08-01,28.2625001640625,27.2665291859504,25.9819279116466,0.427086587204863,0.988128147364824,1.39616402220187,0.653518620396437,0.994046350712493,1.18159384824138
2070-09-01,26.2226565,25.1260332479339,23.816466064257,0.364128329330898,0.943759235437897,1.44492936013425,0.603430467685298,0.971472714716114,1.20205214534738
2070-10-01,21.097656453125,19.8280993429752,18.2361447710843,0.192829073991305,0.508252843633762,1.1266720988925,0.439123073854364,0.712918539269222,1.06144811408401
2070-11-01,16.9007814453125,15.5128101570248,13.8963857108434,0.250314353039036,0.496557209835237,1.07655943262742,0.500314254283282,0.704668155826015,1.03757382032674
2070-12-01,10.4726564921875,9.01818200413223,7.55783141485944,0.344522058034142,0.505228312712336,0.865674374824191,0.586960013999371,0.710794142288987,0.930416237403556
2071-01-01,8.79921890625,7.45578517479339,6.23373500763052,0.291101794537534,0.430858508855342,0.875308984458819,0.53953850144131,0.656398132885326,0.935579491255991
2071-02-01,8.47343771484375,7.15082650909091,5.7080321815261,0.282753475283134,0.394210948571057,0.835822337785995,0.531745686661523,0.627862205082499,0.914233196611234
2071-03-01,10.361718890625,9.04752084504132,7.53132539718875,0.342853702780634,0.581176491150998,1.36393419198898,0.5855371062372,0.762349323572205,1.16787593176201
2071-04-01,15.030468921875,14.0475209049587,12.6421688594378,0.503552544365301,0.833624502030294,1.41672261143622,0.709614363133456,0.913030394910429,1.19026157269577
2071-05-01,18.961718921875,18.0417357190083,16.7457833212851,0.511200155585774,1.13439196598211,1.59523418139347,0.714982626072671,1.06507838490043,1.26302580393018
2071-06-01,24.06875021875,23.0925621735537,21.8325303012048,0.525472361811196,1.21703985333852,1.50655843587267,0.724894724640203,1.10319529247478,1.22741942133595
2071-07-01,27.8859377421875,26.9148763223141,25.6321287068273,0.356021087967705,0.759362888790029,1.2222700967873,0.596675027102446,0.871414303755698,1.10556324865984
2071-08-01,30.7382814375,29.6942150991736,28.336948,0.443956061712752,0.919634432577932,1.35701638902724,0.666300278937921,0.958975720536204,1.16491046395302
2071-09-01,28.656250203125,27.5355373719008,26.1582330843374,0.320118145472604,0.777155147045861,1.32002273090439,0.565789842143356,0.881564034569164,1.1489224216214
2071-10-01,23.575000140625,22.3223142603306,20.7606427228916,0.200472402362327,0.560661903967795,1.13828337169335,0.447741445884035,0.748773599940459,1.06690363749186
2071-11-01,18.15546896875,16.7702481487603,15.2072291084337,0.227371456447023,0.520687902980177,1.1301894760398,0.476834831411279,0.721587072348291,1.06310369957018
2071-12-01,14.418750203125,13.0661159173554,11.5662652128514,0.280590527756069,0.477768246822981,0.94950247931416,0.529707964595652,0.691207817391398,0.974424178330033
2072-01-01,9.11484397890625,7.7925620731405,6.55662656305221,0.270565350906918,0.499612544203616,0.965449877164805,0.520158966958101,0.7068327554688,0.982573089986086
2072-02-01,8.17812511484375,6.89008271322314,5.36706834578313,0.277785487741229,0.49193442338742,0.976249844159234,0.527053590957532,0.701380369975821,0.988053563405969
2072-03-01,11.5093751875,10.2780993801653,8.75983949558233,0.379438974409602,0.587111758547539,1.32410659095717,0.615986180372257,0.766232183184405,1.15069830579399
2072-04-01,16.5960939296875,15.632644785124,14.2305222610442,0.504787772084302,0.83913730770563,1.41535502703085,0.710484181445514,0.916044380860245,1.18968694496949
2072-05-01,20.2687502109375,19.3491737272727,17.9626507751004,0.465944966043475,0.853795998258091,1.4224300024778,0.682601615910389,0.924010821504863,1.19265669933883
2072-06-01,23.00703146875,22.0454547438017,20.7931729236948,0.382548529773794,0.850373346209137,1.29975168292867,0.618505076595006,0.922156898910992,1.14006652565921
2072-07-01,29.236718890625,28.2657026446281,26.979116686747,0.401082127190082,0.88093496814252,1.27399751580533,0.633310450877042,0.938581359362373,1.12871498430974
2072-08-01,31.185937734375,30.1318183512397,28.8819278955823,0.426414925541535,0.927821534402254,1.33737367000598,0.653004537152335,0.963234932091986,1.15644873211309
2072-09-01,26.92343765625,25.7632233512397,24.3172692650602,0.249997524114306,0.639347268471756,1.23603123527674,0.499997524108176,0.799591938723594,1.11176941641545
2072-10-01,20.8695314921875,19.5673555413223,17.970682935743,0.202765130425874,0.50303782371332,1.11103221179897,0.450294492999719,0.70925159408585,1.05405512749522
2072-11-01,14.9203126796875,13.5789258305785,12.0409640562249,0.235174665871212,0.486400503779187,1.09033140959013,0.484948106369343,0.697424192137889,1.04418935523694
2072-12-01,12.627343953125,11.2665291363636,9.75823309196787,0.280585087032643,0.483895800463114,0.949861354205664,0.529702828983047,0.695626193054225,0.974608308093905
2073-01-01,10.5546876875,9.2590910892562,8.05662667389558,0.263914850984406,0.438195054968083,0.898756433270619,0.513726435940769,0.661963031421003,0.948027654275243
2073-02-01,9.4453127109375,8.17066128842975,6.69196793534137,0.270844039788554,0.548222923986932,1.03517719797742,0.520426786194325,0.74042077495633,1.01743658179634
2073-03-01,12.40937525,11.1586778760331,9.67630538192771,0.395502026771842,0.663928589465536,1.41020246372406,0.628889518732696,0.814818132754504,1.18751945825071
2073-04-01,17.6132814609375,16.6264464710744,15.2586347670683,0.54368050360499,0.957720926010923,1.47622556313983,0.737346935712756,0.978632170946226,1.21500023174477
2073-05-01,19.1695314609375,18.2504134173554,16.878715,0.460245471813652,0.892717702650958,1.4670048034073,0.678413938398712,0.944837394820377,1.21119973720576
2073-06-01,24.8601563671875,23.888016677686,22.603614626506,0.486195221026187,1.10993869542209,1.42881751001763,0.697277004515556,1.05353628101841,1.19533154815626
2073-07-01,29.124219,28.1590910661157,26.9064258875502,0.42547183563011,0.973962654394701,1.30294237937248,0.652282021544447,0.98689546274907,1.14146501451971
2073-08-01,31.656250328125,30.5822316033058,29.3433736746988,0.418700901378364,0.870429814718464,1.29424016678017,0.647071017260365,0.93296828173227,1.13764676713828
2073-09-01,26.77031271875,25.6582646694215,24.2634540401606,0.283048694193086,0.633811092315243,1.23789282585521,0.53202320832186,0.796122535992571,1.11260632114653
2073-10-01,24.093750203125,22.831405177686,21.2763054096386,0.206732249803313,0.548470269647989,1.13923458076839,0.454678182677938,0.740587786591157,1.06734932462076
2073-11-01,16.4875002109375,15.0884299504132,13.4963857871486,0.232125923425365,0.505425814176628,1.10881754124581,0.48179448256011,0.710933058857603,1.05300405566447
2073-12-01,10.75703140625,9.42520683057851,8.11566275983936,0.281839933809188,0.444963655591544,0.859471472381539,0.530885989464017,0.66705596136422,0.927076842759832
2074-01-01,8.28671887890625,6.90371907190083,5.74578319839357,0.294704185144052,0.450318062315439,0.927572880433362,0.542866636609814,0.671057421027023,0.963105851105351
2074-02-01,7.0101562921875,5.7524793946281,4.1895582815261,0.275250375789873,0.469392159252097,1.07279378579966,0.524643093721697,0.685122003187824,1.03575759026891
2074-03-01,8.2625001390625,6.94421492768595,5.41485949518072,0.292913431299323,0.563721610460908,1.3800605779651,0.541214773726035,0.750813965280953,1.17475979585833
2074-04-01,14.3367189765625,13.3475208512397,11.9429721325301,0.488798618467204,0.802255171057389,1.41471859097052,0.699141343697542,0.895686982744189,1.1894194344177
2074-05-01,19.9937502109375,19.060330768595,17.7305223052209,0.546889870374184,1.1581709278147,1.61987107029101,0.739520027027115,1.07618350099539,1.27274155675495
2074-06-01,22.885156421875,21.9413225123967,20.7393576465863,0.510565229355458,1.22832689333029,1.51892871265401,0.714538472970811,1.10829909921929,1.23244825962554
2074-07-01,28.2515626484375,27.298760553719,26.0931728714859,0.468186530241269,1.08966654038631,1.37652579914835,0.684241573014436,1.04387094048369,1.17325436250983
2074-08-01,29.1562501953125,28.1789257768595,26.919678875502,0.462480379429292,1.0650726799288,1.41545792630212,0.6800590999533,1.03202358496732,1.18973019054831
2074-09-01,27.2992189921875,26.1508266404959,24.7489962088353,0.280078133255598,0.760019994743136,1.33307353108257,0.529224086050133,0.871791256404385,1.15458803522407
2074-10-01,22.9828127109375,21.7086778512397,20.1293174618474,0.192615650615325,0.550422307739928,1.13812900936018,0.438879995688258,0.74190451389645,1.06683129376682
2074-11-01,16.64609396875,15.3115704586777,13.8080323493976,0.224551619635999,0.536297143260001,1.16654814056242,0.473868778920915,0.732323113973607,1.08006858141621
2074-12-01,14.383594,13.0045456694215,11.5305222610442,0.297602739567118,0.494709515051094,0.936000136708266,0.545529778808745,0.703355895014106,0.967471000448213
2075-01-01,9.736718953125,8.41942162355372,7.16947796746988,0.276987585556266,0.421322553818906,0.857935637810622,0.526296100647027,0.649093640254552,0.926248151312931
2075-02-01,11.3117189609375,10.1549588719008,8.70562263815261,0.267184446001644,0.561821770210369,1.06238769152881,0.516898874057242,0.749547710429676,1.03072192735423
2075-03-01,12.2531252109375,10.9541324545455,9.50160658674699,0.391486259301349,0.750543007976581,1.49983618242305,0.625688628074179,0.866338852861039,1.22467799131978
2075-04-01,14.830468984375,13.8950415495868,12.5100403413655,0.48197778777085,0.897983643702381,1.5146165874791,0.694246201120935,0.947619989079157,1.23069760196366
2075-05-01,18.0843751875,17.1979340785124,15.9076307108434,0.57109245314976,1.2144771424747,1.74998191085001,0.755706591971884,1.10203318574111,1.32286881845858
2075-06-01,22.0437502109375,21.1157026239669,19.9317270682731,0.391614234941113,0.936100956345929,1.33588449553064,0.625790887550396,0.967523103778886,1.15580469610166
2075-07-01,27.2976563984375,26.3342977272727,25.0550202730924,0.352356661134478,0.765914257878838,1.22933955410367,0.593596378976892,0.87516527460751,1.10875585865585
2075-08-01,29.5789064140625,28.4739671446281,27.1289158473896,0.344039757172874,0.751477131480564,1.27706373374481,0.586549023673959,0.866877806545169,1.13007244623732
2075-09-01,26.5531251796875,25.421487785124,24.0044178714859,0.26660434926196,0.626507335153265,1.2510691133892,0.516337437401124,0.791522163399904,1.11851200860304
2075-10-01,21.947656484375,20.6764464917355,19.1036146947791,0.20566376390274,0.502471997527687,1.11252725468343,0.453501669128946,0.708852592241636,1.05476407536635
2075-11-01,16.0960940234375,14.7677687603306,13.2449800923695,0.234236561798921,0.503272192613561,1.11345248077162,0.483979918797176,0.709416797527068,1.05520257807286
2075-12-01,13.9687502109375,12.6132233305785,11.1012049759036,0.276496018011979,0.481733154912538,0.938506580081749,0.525828886627559,0.694069992805148,0.968765492821534
2076-01-01,7.62656258828125,6.34504136322314,5.04779121927711,0.252359784721995,0.398834233672038,0.854037460486475,0.502354242265351,0.631533240354012,0.924141472116946
2076-02-01,10.058593984375,8.76859517024793,7.29397599518072,0.27835073511337,0.51776487275413,0.992745893831184,0.527589551747729,0.719558804236409,0.99636634519196
2076-03-01,11.8976563828125,10.5590911033058,9.02128529477912,0.342907857911041,0.543838191060135,1.33837588298529,0.585583348389485,0.737453856902338,1.15688196588299
2076-04-01,15.939843921875,14.9520663471074,13.6164660361446,0.567297611983411,1.07163477888293,1.56638104493472,0.753191617042709,1.035197941885,1.25155145516863
2076-05-01,16.851562671875,15.9867770826446,14.7261046465863,0.481257288435183,1.12704430945458,1.65975948431162,0.693727099395132,1.0616234310972,1.28831653110236
2076-06-01,25.6546877109375,24.6652894710744,23.2963857429719,0.435095971235404,0.899205119344499,1.33446265866709,0.659618049506989,0.948264266617961,1.15518944708956
2076-07-01,28.48593771875,27.521487838843,26.2421688995984,0.456336087303322,1.07654886810484,1.38107750158393,0.675526525980529,1.0375687293403,1.17519253809064
2076-08-01,29.45000021875,28.4008266280992,27.1124499477912,0.406929028346629,0.809044974431753,1.26190080040821,0.637909890459953,0.899469273756338,1.12334358074821
2076-09-01,26.7695314765625,25.619008446281,24.2232934056225,0.278828107418976,0.738143377223153,1.32856810280819,0.528041766737231,0.859152708907533,1.15263528611968
2076-10-01,22.93437521875,21.6557853677686,20.0289158955823,0.209202759645842,0.465132397692308,1.04972498659171,0.457386881803404,0.682006156638126,1.02456087500534
2076-11-01,17.7414064296875,16.3880167933884,14.7847391606426,0.246697256459302,0.488694015219152,1.07041134914837,0.496686275690503,0.699066531325276,1.03460685728849
2076-12-01,13.4875002421875,12.0938018429752,10.6313254578313,0.297952705315146,0.504152330496365,0.939821191964765,0.545850442259733,0.710036851505867,0.969443753894348
2077-01-01,6.28906255625,4.90289261983471,3.63212855662651,0.288855804074817,0.433228124836611,0.89436686067108,0.537453071509334,0.658200672163597,0.945709712687292
2077-02-01,11.45078146875,10.3181820330579,8.86586361285141,0.256377299458834,0.584481317465277,1.19032200774627,0.506337140114009,0.7645137784666,1.09101879348904
2077-03-01,9.5609377421875,8.33388441983471,6.81847397951807,0.25846209072361,0.501668745785907,1.15949612753275,0.508391670588347,0.708285779742829,1.07679901909909
2077-04-01,13.2500002265625,12.2805786528926,10.9289158835341,0.506771706299389,0.936924120867033,1.51940258083966,0.711878996950598,0.967948408163902,1.23264049131921
2077-05-01,17.766406453125,16.8809919669421,15.5610444176707,0.526500378125163,1.12677413822589,1.71416173140645,0.725603457906013,1.06149617909152,1.30925999381576
2077-06-01,23.7609376875,22.804958892562,21.5622491566265,0.433737719488343,0.980556199465208,1.34784328863856,0.658587670313029,0.990230376965486,1.16096653209236
2077-07-01,26.2796877109375,25.3148762603306,24.0586347188755,0.446355831471624,1.03654128068328,1.35396755026573,0.668098668964117,1.01810671379933,1.16360111303905
2077-08-01,28.807812703125,27.8239671818182,26.5867471927711,0.499151087352525,1.16855187948305,1.48147692262939,0.70650625429116,1.08099578143629,1.21715936615933
2077-09-01,25.4453127109375,24.3367771157025,23.0160644297189,0.347851831914538,0.891795399959041,1.44167634028386,0.589789650565808,0.944349193867947,1.20069827195839
2077-10-01,21.501562703125,20.2264465123967,18.6104419678715,0.184249504084809,0.540044493940715,1.12626152565115,0.429242942964481,0.734877196503413,1.06125469405377
2077-11-01,17.7898439296875,16.4768597520661,14.9590363654618,0.229738538127609,0.508258991701432,1.13194425072889,0.479310481971351,0.712922851156724,1.06392868686247
2077-12-01,13.8093751328125,12.3884299214876,10.9413656385542,0.340698803789486,0.51272859856672,0.902032077027611,0.58369410121183,0.71605069552841,0.949753692821255
2078-01-01,7.89296882734375,6.53553723966942,5.22008036546185,0.282076199639568,0.425702827437343,0.877982278273427,0.531108463159427,0.652459061886141,0.937007085497985
2078-02-01,10.19687515625,9.04793407107438,7.60240974136546,0.253848465551314,0.60292109580482,1.19144592707061,0.503833767775954,0.776479939087173,1.09153374985413
2078-03-01,9.9773439140625,8.66157040909091,7.14578323253012,0.293734595484882,0.540384319100981,1.35854069108536,0.541972873384713,0.735108372351302,1.16556453750333
2078-04-01,17.746875234375,16.7929754256198,15.4004018232932,0.513533431397819,0.900406944381366,1.45955622659688,0.716612469468554,0.94889775233234,1.20812094866238
2078-05-01,20.1242189375,19.1983473264463,17.8514057871486,0.499487616634012,1.03003869136192,1.53645969684235,0.706744378565554,1.01490821819607,1.23954011505975
2078-06-01,23.9593751953125,22.9946283264463,21.7204821686747,0.445423228592678,1.0215892619082,1.38349017625358,0.667400351058252,1.01073698948253,1.17621859203703
2078-07-01,27.550000171875,26.5904960454545,25.3670684738956,0.39496059842534,0.912398944038417,1.30116910537327,0.628458907507357,0.955195762154762,1.14068799650617
2078-08-01,32.1734379140625,31.104545731405,29.8036146746988,0.437084199336221,0.936120545190829,1.33510779273239,0.66112343729157,0.967533226918243,1.15546864636492
2078-09-01,27.4156251640625,26.2863638223141,24.8714861445783,0.278651568061162,0.660352681441118,1.26083689940423,0.527874576070075,0.812620871896063,1.12286993877485
2078-10-01,22.152343953125,20.8863638760331,19.2634539959839,0.180309421678313,0.520601684572043,1.09265089519383,0.424628569079275,0.72152732766822,1.04529942848632
2078-11-01,18.4562502265625,17.1272728760331,15.6313254859438,0.225472416830885,0.52871371384396,1.14611155793836,0.474839358974048,0.727127027309506,1.07056599887086
2078-12-01,12.6375001875,11.2714877479339,9.70080338795181,0.277952823622201,0.457150483231152,0.932580019304133,0.527212313610182,0.676129043327642,0.965701827327739
2079-01-01,11.0000001796875,9.65082663636364,8.53453830240964,0.28566927086629,0.462924558650407,0.932834667463844,0.534480374631558,0.680385595563579,0.965833664490861
2079-02-01,9.33906265078125,8.00495881404959,6.55020086385542,0.283816384505541,0.434664196927504,0.885251999128143,0.532744201756848,0.659290677112534,0.940878312603783
2079-03-01,11.0992190078125,9.76652911983471,8.27429734136546,0.308739580524307,0.587879210970289,1.42441753573176,0.555643393305731,0.766732815895008,1.19348964626081
2079-04-01,13.9210938671875,12.9380167561983,11.5831327108434,0.464984647576384,0.832988604780534,1.44673043203474,0.681897827813217,0.912682094039613,1.20280107749982
2079-05-01,16.632812734375,15.7537191942149,14.4590363654618,0.546631341191126,1.23204008073812,1.78847652976115,0.739345211109889,1.10997300901334,1.33733934727172
2079-06-01,23.35937515625,22.411983714876,21.2124500562249,0.443375965551314,1.07724170838124,1.42698153963292,0.665864825284617,1.03790255244953,1.19456332591994
2079-07-01,26.146875203125,25.2074382231405,23.9755022208835,0.374793338287565,0.872973434964672,1.30105064776542,0.612203673859905,0.934330474171035,1.14063607156947
2079-08-01,30.814062703125,29.6983473471074,28.3614459879518,0.353186431250163,0.840827114667032,1.3235881985913,0.5942949025948,0.916966256013291,1.15047303253544
2079-09-01,27.467968953125,26.3392563801653,24.9586347429719,0.307076174335793,0.763390338843125,1.31453197404149,0.554144542818742,0.873722117634162,1.14653040694152
2079-10-01,23.79218771875,22.5276861652893,20.95903637751,0.202143243602534,0.506740657481051,1.11702491623609,0.449603429260203,0.71185718896493,1.05689399479612
2079-11-01,16.0750002421875,14.7371903140496,13.2196788995984,0.258267775984437,0.482843561373245,1.03199018502736,0.508200527335851,0.69486945635367,1.01586917712241
2079-12-01,13.8734376953125,12.5165291446281,10.9795182811245,0.271414841166497,0.464455908487535,0.945425552011437,0.5209748949484,0.681510020826939,0.972329960461693
2080-01-01,8.49531266328125,7.11074385619835,5.92891571124498,0.3039149075272,0.445195284946346,0.930612128504676,0.5512847789729,0.667229559406915,0.964682397737554
2080-02-01,5.57734379921875,4.2371901338843,2.62449801341365,0.295781874964333,0.451474257153059,0.934679684158701,0.543858322510866,0.671918341134589,0.966788334724153
2080-03-01,13.2851564609375,12.0714878264463,10.6634539903614,0.468832992729006,0.886279157436476,1.54144124800701,0.684713803518672,0.941424005130779,1.24154792416846
2080-04-01,14.548437625,13.6082647066116,12.2859439959839,0.485351887795386,0.907483267631611,1.48540641031887,0.696672008764085,0.952619161906588,1.21877250146156
2080-05-01,18.0132814609375,17.1070250082645,15.7831327309237,0.4923419083294,1.09094634240955,1.68116592787618,0.701670797688916,1.04448376838013,1.29659782811641
2080-06-01,23.903125140625,22.9462812024793,21.7088355702811,0.443927120374137,1.04199848121137,1.38580882516859,0.666278560644223,1.0207832684813,1.17720381632434
2080-07-01,27.560937671875,26.6074381859504,25.3686749116466,0.391217960777702,0.887081354192384,1.30554699746422,0.625474188738194,0.941849963737529,1.14260535508294
2080-08-01,31.2726565,30.2016531033058,28.9730925823293,0.397435530905764,0.870536696574359,1.31729721986997,0.630424881255304,0.933025560515015,1.14773569251373
2080-09-01,28.654687703125,27.5421489628099,26.1863455742972,0.321395213041502,0.771992095079206,1.30819992825835,0.566917289418396,0.878630807039684,1.14376567891258
2080-10-01,25.3367189609375,24.0991737190083,22.5722893534137,0.220452156631565,0.639086455505779,1.21612423587268,0.46952332916647,0.799428830794699,1.10278023008788
2080-11-01,16.566406515625,15.2206613801653,13.657831502008,0.261460998105512,0.468865916944038,1.05293239607477,0.51133257094137,0.684737845415337,1.02612494174675
2080-12-01,11.2578126875,9.903306,8.36666684016064,0.261198325393854,0.477084427502656,0.991182990053895,0.511075655254537,0.690712984895069,0.995581734491898
2081-01-01,7.2320312921875,5.86198353429752,4.54417674658634,0.314950160071369,0.41813381442819,0.822879272460497,0.561204205322242,0.646632673492602,0.907126932937446
2081-02-01,9.2843751953125,8.03884313016529,6.55341371485944,0.274399620324962,0.538153115020171,1.02096612335148,0.523831671746718,0.73358920045225,1.01042868296159
2081-03-01,9.66562520546875,8.34338857561984,6.7871486562249,0.321958677229494,0.5306823359519,1.3280599878945,0.567414026289,0.728479468449112,1.15241485060481
2081-04-01,19.353125171875,18.332644838843,16.8991970120482,0.496525619389907,0.701958919121596,1.27693485261062,0.704645740347522,0.837829886744079,1.13001542140389
2081-05-01,20.329687671875,19.4268596818182,18.0164660361446,0.523521214124159,0.935914561465803,1.5491230820315,0.723547658502299,0.967426773180174,1.24463773124211
2081-06-01,24.5117189765625,23.5607440206612,22.2542170562249,0.427656815711299,0.93816212646017,1.33233095400326,0.653954750507479,0.968587696835021,1.15426641378984
2081-07-01,27.4132814765625,26.4780993801653,25.2542171084337,0.389349711060708,0.926364849833846,1.27233087815798,0.623978934789235,0.962478493179898,1.12797645283843
2081-08-01,30.38281275,29.3433885909091,28.0526106064257,0.428048631496252,0.962632481756591,1.38637421572109,0.654254256001634,0.981138360149368,1.17744393315397
2081-09-01,25.9992189609375,24.8561985454545,23.4662652168675,0.251574158403219,0.679816236864465,1.32095419571525,0.501571688199423,0.824509694827456,1.14932771467291
2081-10-01,23.8351564453125,22.5747936446281,20.9903616506024,0.190486575726044,0.549776977572977,1.13442287118166,0.436447678108206,0.74146947177411,1.06509289321714
2081-11-01,18.13125021875,16.7752068099174,15.2204821405622,0.231141767323007,0.500046615143673,1.11599013628077,0.480772053392257,0.707139742302519,1.05640434317584
2081-12-01,12.2875001484375,10.8735539256198,9.50722907068273,0.345511813189104,0.499131620109214,0.891721829571642,0.587802529076818,0.706492477036532,0.944310240107372
2082-01-01,5.658593796875,4.31404962933884,2.93012050819277,0.311736586392728,0.409262387533359,0.830581048675673,0.5583337589585,0.639736185887088,0.911362194012717
2082-02-01,5.732031325,4.35867772933884,2.77349399943775,0.321249384724426,0.430982503764628,0.879213965982319,0.566788659664629,0.656492577082657,0.937664100828393
2082-03-01,9.2976564453125,8.02644641404959,6.51927717309237,0.348892157418958,0.602949220657823,1.37849789676936,0.590670938356508,0.776498049358672,1.1740945007832
2082-04-01,15.778906484375,14.8247935867769,13.4224901365462,0.490496424729512,0.831249978793754,1.43739542034605,0.700354499328384,0.911729114810838,1.1989142673044
2082-05-01,18.457031421875,17.5677688016529,16.2429721485944,0.525461936737348,1.09099002516391,1.65028303313272,0.724887533854286,1.04450467934036,1.28463342363988
2082-06-01,23.568750265625,22.6243803181818,21.4060242931727,0.452086698622244,1.06085546481615,1.40266511477863,0.672373927678821,1.02997838075183,1.18434163769523
2082-07-01,28.22187515625,27.2657026280992,26.013654811245,0.365974481299345,0.841183962854625,1.26158688623542,0.604958247567008,0.917160816244689,1.12320384892299
2082-08-01,30.9750001953125,29.9342977231405,28.7004018072289,0.467401624015907,1.05147440422155,1.44915302741628,0.683667773129542,1.02541425980993,1.20380772028438
2082-09-01,29.8585939765625,28.7487605619835,27.3702813413655,0.315673491941614,0.729479800157924,1.27677445052809,0.561848281960187,0.854095896347666,1.12994444577072
2082-10-01,22.5242189453125,21.2615704256198,19.6706829477912,0.180747438299863,0.553745230750121,1.1404676286373,0.425144020656369,0.744140598778296,1.06792678992396
2082-11-01,18.6765627265625,17.3710745950413,15.8959841807229,0.22621799731809,0.530861068338018,1.16909665413608,0.47562379809897,0.728602133086376,1.08124773023396
2082-12-01,13.97421896875,12.5425621859504,11.0831327108434,0.322243454478519,0.514571052278891,0.899311004615384,0.567664913904778,0.717336080424574,0.948320096072726
2083-01-01,11.043750234375,9.72148785123967,8.49959854457831,0.279488176181283,0.397212700764907,0.858669273425756,0.528666412949871,0.630248126347796,0.926644092101038
2083-02-01,11.05703146875,9.79297540330579,8.37228929718876,0.292548559695054,0.627709777593518,1.09362427588914,0.540877582910453,0.792281375266084,1.04576492381851
2083-03-01,10.35625021875,9.05909110867769,7.5578314248996,0.287519735826944,0.554709608347953,1.38035185309373,0.536208668175873,0.744788297671192,1.1748837615244
2083-04-01,15.3257814609375,14.3834713099174,13.0108435783133,0.497519125061684,0.94951821237287,1.54548678461929,0.705350356249774,0.974432251299633,1.24317608753518
2083-05-01,19.8609376484375,18.9471076363636,17.6622492771084,0.520981710113316,1.17353920449932,1.61114974777194,0.721790627615319,1.08330014515799,1.26931073727907
2083-06-01,25.0523440078125,24.0830580413223,22.7943777590361,0.447238529293992,0.96697320393692,1.34666190407779,0.668758947075844,0.98334795669535,1.1604576270066
2083-07-01,28.7421876171875,27.7842977479339,26.5461849317269,0.402300742003057,0.925893465999285,1.28152768495287,0.634271820281381,0.962233581828905,1.1320457963143
2083-08-01,30.3453127109375,29.3057853595041,28.0570282891566,0.435883401993278,0.95573404633604,1.37818633542248,0.660214663570326,0.977616512921115,1.17396181173941
2083-09-01,29.90859396875,28.7814051735537,27.389558437751,0.310870423573007,0.718947374472924,1.27795499302711,0.557557551803405,0.847907645013845,1.13046671469226
2083-10-01,21.9382814453125,20.6305786859504,19.0253014337349,0.204428519377619,0.483874337094208,1.09568792227962,0.45213772169287,0.695610765510575,1.04675112719291
2083-11-01,17.6335939765625,16.2433885950413,14.6566266706827,0.235949248240826,0.505205024964989,1.10174017508759,0.485746073829554,0.710777760601012,1.0496381162513
2083-12-01,13.598437703125,12.2061985247934,10.7369480281124,0.294958237647801,0.502409535876831,0.935564828876979,0.543100577837845,0.708808532593134,0.967246002254328
2084-01-01,9.37656264296875,8.01735549710744,6.86385549236948,0.287792805809669,0.438120855627814,0.927720628739828,0.5364632380785,0.66190698412074,0.963182552136317
2084-02-01,10.4031252265625,9.13677704917355,7.69718885220884,0.305029486761988,0.598600467860307,1.05269376921208,0.552294746274114,0.773692747710813,1.02600865942353
2084-03-01,12.375000125,11.0446282809917,9.56024112008032,0.358425195275701,0.655427447309912,1.43635640933651,0.598686224391125,0.80958473757224,1.19848087566574
2084-04-01,15.1296877265625,14.2049588842975,12.8164660843373,0.474702229749192,0.818315531497713,1.46210687156709,0.688986378493213,0.904607943530076,1.2091761127177
2084-05-01,20.85546890625,19.9247935826446,18.6020082771084,0.513985516978479,1.09614621966341,1.5537459053992,0.716927832475821,1.04697001851219,1.24649344378509
2084-06-01,23.02031271875,22.0723142479339,20.8550203052209,0.382103812303322,0.861097460539921,1.303613825554,0.618145462090697,0.927953371964304,1.14175909260842
2084-07-01,28.792968859375,27.832231607438,26.5622491927711,0.366328142298327,0.79829289577877,1.22348841476567,0.605250478974058,0.893472381094553,1.1061141056716
2084-08-01,32.5117191171875,31.436777107438,30.1453816706827,0.370648985618183,0.700426158245897,1.17103703583702,0.608809482201274,0.836914666047798,1.08214464644844
2084-09-01,30.3195314765625,29.1979340785124,27.7931729236948,0.296702100332362,0.650161649528637,1.22184835228351,0.544703681217927,0.806326019379653,1.10537249481046
2084-10-01,22.9921877109375,21.7115704338843,20.1546186827309,0.211119567888947,0.531483810226139,1.14402088659169,0.459477494431389,0.729029361703724,1.06958912045313
2084-11-01,16.9617189453125,15.6128101528926,14.0297191164659,0.241436354244745,0.482283341891748,1.06645195868978,0.491361734615899,0.694466228042623,1.03269160870503
2084-12-01,13.71015646875,12.3371902727273,10.784337502008,0.297455090600566,0.457947274003104,0.898826251826791,0.545394435799052,0.676718016608915,0.948064476618965
2085-01-01,5.7195313015625,4.28719011859504,2.99879520538153,0.338434433993615,0.447013652776319,0.844151777100858,0.581751178764268,0.668590796209699,0.918777327267526
2085-02-01,7.72500009921875,6.49008271528926,4.9409639124498,0.284094542244153,0.43707966234973,0.961944258594067,0.533005199077976,0.66112000601232,0.980787570574825
2085-03-01,9.11328147109375,7.8061984553719,6.28955827751004,0.318483706955142,0.607388895911053,1.41376148047352,0.564343607171325,0.779351586840659,1.18901702278543
2085-04-01,17.4031251953125,16.4111572561983,15.0160644738956,0.50817914207693,0.837094957607943,1.40425697676206,0.712866847368378,0.914928935823948,1.18501349222786
2085-05-01,18.478906453125,17.5834713181818,16.2140564819277,0.526559429699966,1.05665512551028,1.66822897505525,0.725644148119425,1.02793731594406,1.29159938644119
2085-06-01,23.526562734375,22.5863638305785,21.3686748955823,0.411099896899787,0.942676323991104,1.34603090693759,0.641170723676454,0.970915199176068,1.16018572088161
2085-07-01,28.9750001640625,28.0132233264463,26.7694781365462,0.399212611417461,0.917749712698619,1.29898406268964,0.631832740064537,0.957992543133097,1.13972982004054
2085-08-01,30.8929689921875,29.8826448801653,28.537751184739,0.400028882763472,0.819697545043226,1.2943755288899,0.632478365450924,0.905371495599031,1.13770625773523
2085-09-01,29.1703127265625,28.0632233553719,26.6710844939759,0.293757370251161,0.665322404876545,1.25117673501762,0.541993883961028,0.815672976674197,1.11856011685453
2085-10-01,21.2492189296875,19.9409093140496,18.3698797068273,0.204566332369735,0.529896239758756,1.14904880410043,0.452290097580895,0.727939722613594,1.0719369403563
2085-11-01,19.0460939609375,17.6768596570248,16.1377512048193,0.226283839259518,0.537055673591571,1.15606909430318,0.475693009470938,0.732840824184605,1.0752065356494
2085-12-01,13.2250001953125,11.7760332644628,10.367470073494,0.337165273622206,0.529381714241789,0.921397223978003,0.580659343868852,0.727586224609694,0.959894381678528
2086-01-01,11.6039065390625,10.2677688099174,9.15983950361446,0.278803549495778,0.454143559308835,0.948703270153312,0.528018512455556,0.67390174306707,0.974013998951407
2086-02-01,11.603906421875,10.3066116983471,8.92650621767068,0.285260235457821,0.535972640156485,0.982278637926698,0.534097589825886,0.732101523121271,0.99109971139472
2086-03-01,12.237500140625,10.8987605247934,9.39839372851406,0.325511817716657,0.597550278903487,1.42152973747227,0.570536429789244,0.773013763721893,1.19227921959257
2086-04-01,17.4695314140625,16.5148762603306,15.1345383614458,0.529064399643347,0.937288137114816,1.49162495683719,0.72736813213348,0.968136424846631,1.22132098845356
2086-05-01,19.61562521875,18.7132233057851,17.4008033855422,0.479281569488361,1.02911903274936,1.54459610922738,0.692301646313485,1.01445504225143,1.24281781015054
2086-06-01,22.7984376640625,21.8648762892562,20.6775102690763,0.387556626501122,0.919964519653152,1.3447340572129,0.622540461738129,0.959147809074885,1.15962668872914
2086-07-01,27.97656265625,27.0272729256198,25.7947793092369,0.398973940452889,0.952448137684052,1.34872261835746,0.631643839875676,0.975934494566132,1.16134517623205
2086-08-01,31.086718921875,30.0578513719008,28.7228917871486,0.423522978420419,0.906680867809861,1.32878850223492,0.65078643072856,0.952197914201591,1.15273088890466
2086-09-01,28.493750171875,27.3809919173554,26.0092371566265,0.304527602165498,0.722458829278981,1.28084169862693,0.551840196221241,0.849975781583794,1.13174277052117
2086-10-01,22.20156271875,20.884710946281,19.2518074337349,0.202044771752141,0.479474835893993,1.06637778493021,0.449493906245836,0.692441214756887,1.03265569524901
2086-11-01,19.3789064609375,17.9913225165289,16.4204821646586,0.231283831606959,0.510090423692765,1.10728037803166,0.480919776685217,0.714206149296382,1.05227390827278
2086-12-01,14.86093771875,13.5061985826446,12.0008034257028,0.267438485728519,0.478675084534319,0.968951030936818,0.51714455012938,0.69186348692088,0.984353102771977
2087-01-01,7.4265625578125,6.08801658842975,4.63815266385542,0.295824336589592,0.392594383232414,0.835191754459463,0.543897358505805,0.626573525799178,0.913888261473723
2087-02-01,8.6921877,7.45206619380165,5.90763058995984,0.268757462204882,0.485908592174514,1.11006250794405,0.518418230972718,0.69707143979259,1.0535950398251
2087-03-01,10.3710939296875,9.05000020619835,7.54979928393574,0.289472844131546,0.568651525186884,1.39686493580068,0.538026806145889,0.754089865458278,1.18189040769467
2087-04-01,18.2718751953125,17.2694216942149,15.868674939759,0.502352366978505,0.806032027660396,1.36861158229711,0.708768203983859,0.897792864563088,1.16987673807847
2087-05-01,20.4992189375,19.5607440165289,18.1429721285141,0.489999333169445,0.920651680491236,1.51415407115577,0.699999523692299,0.959505956464699,1.23050967942385
2087-06-01,23.3234376953125,22.3979340991736,21.2124500200803,0.425745648253111,1.01953932264343,1.38649762602038,0.65249187600545,1.00972239880248,1.17749633800721
2087-07-01,27.1609377421875,26.2041324504132,24.9895584096386,0.404761339542508,0.951435103446556,1.35335828921183,0.636208566071306,0.975415349195693,1.1633392837912
2087-08-01,30.6734376953125,29.6177688223141,28.3863455421687,0.393777085260985,0.884620689156927,1.34521598947416,0.62751660158197,0.940542763066585,1.15983446641069
2087-09-01,29.7882814453125,28.6417357355372,27.2819279236948,0.360885192605965,0.95522186833115,1.47753492586492,0.600737207609089,0.977354525405776,1.21553894461054
2087-10-01,24.8531251875,23.6165291115702,22.1124500120482,0.223612239763933,0.610846040705204,1.21004597380183,0.472876558695748,0.781566401980794,1.10002089698416
2087-11-01,15.5812502578125,14.223553892562,12.6642571927711,0.22688978612224,0.519733334535997,1.15174153177887,0.476329493231566,0.720925332150284,1.07319221567195
2087-12-01,15.3039063984375,13.8768596983471,12.4710845461847,0.343685432492746,0.528175964308651,0.930854092081394,0.586246904036811,0.726757156351867,0.964807800591078
2088-01-01,10.2492189375,8.90702494297521,7.66586355301205,0.302204071752122,0.421651707314002,0.867176823563674,0.549730908492621,0.64934713929762,0.931223294147904
2088-02-01,12.5664064765625,11.2987604793388,9.95823312570281,0.262090962389448,0.49862915513884,0.950909880018941,0.511948202838381,0.70613678217385,0.975146081373935
2088-03-01,14.3726564375,13.0818183677686,11.5903616184739,0.390978678641886,0.62680501093942,1.3883745689469,0.625282878897132,0.791710181151803,1.17829307430151
2088-04-01,15.1773439609375,14.221487822314,12.8180725060241,0.446490392901251,0.697876661349234,1.33293820785093,0.668199366133529,0.835390125240437,1.15452943134895
2088-05-01,20.23593775,19.3181819834711,17.9136547791165,0.51712365039389,1.01294615579041,1.5881998911486,0.719113099862525,1.00645226205241,1.26023802955973
2088-06-01,25.51250025,24.5516531115702,23.22811262249,0.45527562519704,0.99313001314444,1.37017422594262,0.674741154219186,0.996559086629809,1.17054441434002
2088-07-01,30.9109377421875,29.9301655289256,28.6389560040161,0.398934516707862,0.875476341449379,1.26706510487125,0.631612631846342,0.935668927265076,1.12563986464199
2088-08-01,33.3429691875,32.2743804710744,30.9208838514056,0.433493391043996,0.85170611210225,1.28230423517328,0.658402149938771,0.922879251095316,1.13238872970958
2088-09-01,30.3070314921875,29.1768596818182,27.7670684658635,0.306013137315638,0.711578468104807,1.27374980242275,0.553184541826358,0.843551105804981,1.12860524649797
2088-10-01,24.2398439375,22.986363838843,21.4377512088353,0.207612565059209,0.535207492682169,1.15348858270842,0.455645218409245,0.731578767243944,1.07400585785573
2088-11-01,18.1796877421875,16.7884299504132,15.1771085943775,0.249190479995264,0.498786693844678,1.08314325445019,0.49918982360948,0.706248323073887,1.04074168478552
2088-12-01,13.47500025,12.0280993595041,10.5899600361446,0.329921222047433,0.530659473406414,0.922842302348261,0.574387693154574,0.728463776317267,0.960646814572484
2089-01-01,7.868750075,6.49793395,5.12610447429719,0.301692960315011,0.422526839285705,0.819436798181449,0.549265837564117,0.650020645276521,0.905227484216784
2089-02-01,10.6093752109375,9.29586797355372,7.79036157911647,0.297549194439144,0.476995265803118,0.916681035362505,0.545480700336084,0.690648438645247,0.957434611533605
2089-03-01,9.95390645546875,8.69586793512397,7.20040169196787,0.37447286393348,0.680563832372133,1.4351209178317,0.6119418795388,0.824962927877449,1.19796532413576
2089-04-01,15.858593953125,14.8702481115702,13.4622492208835,0.488587017544455,0.825916104907386,1.43098846609034,0.698989998171973,0.908799265463714,1.19623930134833
2089-05-01,19.63828146875,18.7301654669422,17.4574299036145,0.51734191284466,1.18784149707158,1.64027723361526,0.719264841935612,1.08988141422431,1.28073308445408
2089-06-01,24.5085940078125,23.5458679710744,22.3028114698795,0.420476733132575,0.960086587857232,1.34108086618427,0.648441773124291,0.979840082797816,1.15805045925653
2089-07-01,31.4257816171875,30.4619837066116,29.1815263052209,0.422243589382758,0.936391055883038,1.3083669876119,0.649802731129039,0.967673010827024,1.14383870699146
2089-08-01,31.6859378984375,30.7028927190083,29.4248997791165,0.417281167987698,0.894389940194228,1.29034523890739,0.645973039675572,0.945721914832382,1.13593364194718
2089-09-01,29.590625171875,28.4450415041322,27.0361447670683,0.290620088287545,0.734435932876251,1.31320447015173,0.539091910797727,0.85699237620661,1.1459513384746
2089-10-01,24.0554689375,22.7983472809917,21.2614459718876,0.208158776476531,0.548047020671589,1.16995915783148,0.456244207060793,0.740301979378408,1.08164650317536
2089-11-01,17.1843751953125,15.7768597107438,14.1722893333333,0.231564998277717,0.515976805548672,1.12031769443272,0.481212009698134,0.718315254988137,1.05845061029446
2089-12-01,13.83437515625,12.3913224958678,10.9208837349398,0.329675209645802,0.507019770220649,0.895287965863615,0.574173501344151,0.71205320743653,0.946196578869114
2090-01-01,11.6031251875,10.2987605082645,9.00843391606426,0.276368120078894,0.417135376787637,0.840936733612657,0.525707257015626,0.64586018362153,0.917026026682262
2090-02-01,10.0671876953125,8.78016549504132,7.25261051807229,0.297497536540513,0.440434865991723,0.934600068200257,0.545433347477501,0.663652669693811,0.966747158361615
2090-03-01,8.534375184375,7.23512403760331,5.72168679638554,0.299439009586762,0.535483190787378,1.30896329585796,0.547210206033077,0.731767169793356,1.14409933828228
2090-04-01,14.7312502734375,13.7417357479339,12.3397592449799,0.481692990649807,0.812649278910355,1.4256307169648,0.694041058331426,0.901470620103814,1.19399778767165
2090-05-01,20.990625203125,20.064049838843,18.7614459799197,0.584793292027722,1.2948432870994,1.69544308506623,0.764717785871182,1.13791180989539,1.3020918113045
2090-06-01,21.320312703125,20.4140498347107,19.245381751004,0.505883373572998,1.30561101958113,1.62764989545295,0.711254788084409,1.14263337058793,1.27579382952456
2090-07-01,28.7203126875,27.7636365413223,26.5261046184739,0.370607845078894,0.88107879305937,1.28459803497879,0.608775693567749,0.938657974482383,1.13340109183765
2090-08-01,31.6093753046875,30.5020662975207,29.1891568473896,0.361958836762214,0.821530984067911,1.30403521808218,0.601630149479075,0.906383464140819,1.14194361423066
2090-09-01,28.983593953125,27.8446283181818,26.4915664658635,0.347838939591699,0.920904592524434,1.44940443951629,0.589778720870547,0.959637740256412,1.2039121394505
2090-10-01,22.721875140625,21.4173555867769,19.8261046385542,0.202509864665476,0.505340722958916,1.11879154602297,0.450010960605935,0.710873211591853,1.05772942949649
2090-11-01,18.7789064375,17.4669423719008,15.9662652610442,0.229551534547398,0.507367375769181,1.12756707128854,0.479115366636677,0.7122972523948,1.06186961124638
2090-12-01,13.742187703125,12.3020663057851,10.8847391967871,0.328442344143864,0.527008157477607,0.955895164772175,0.573098895605169,0.72595327499613,0.977698913148713
2091-01-01,10.39609390625,9.16942169090909,7.96907641967872,0.23880351205722,0.435409637415886,0.893435105293836,0.488675262374943,0.659855770161848,0.945216962021861
2091-02-01,10.1546876796875,8.82603324173554,7.34779126184739,0.276040872318062,0.485170104226682,0.940650388659203,0.525395919586422,0.69654153086997,0.969871325825856
2091-03-01,11.3835939296875,10.0495870301653,8.56787161204819,0.303587012832333,0.618858776009928,1.4499313999405,0.550987307324165,0.786675775659787,1.20413097291802
2091-04-01,16.8851564296875,15.899173785124,14.509237188755,0.500329114628594,0.828630058935058,1.39350308674069,0.707339462089168,0.910291194582842,1.18046731709976
2091-05-01,19.4023439296875,18.4995869628099,17.1943777228916,0.465112481631546,1.02734424031084,1.56400052463743,0.681991555396067,1.01357991313504,1.25060006582337
2091-06-01,23.9617189921875,23.011983677686,21.8630523614458,0.501436290145362,1.26462754662065,1.5285487884248,0.708121663378096,1.1245566000076,1.23634493100623
2091-07-01,29.042187671875,28.0847109380165,26.8630524136546,0.41505658932101,0.968686414893336,1.33403251971774,0.644248856670316,0.984218682454939,1.15500325528448
2091-08-01,29.9257814375,28.9132233512397,27.6337351325301,0.437991447539524,0.984969648969681,1.41643807849802,0.661809222918148,0.992456371317994,1.19014204131188
2091-09-01,25.0015626953125,23.8309918842975,22.4277110120482,0.235745570251143,0.606877862041895,1.27483386876229,0.485536373767345,0.779023659487884,1.1290854125186
2091-10-01,22.0593751640625,20.7516531322314,19.1253014538153,0.189045260679272,0.528482690669227,1.1040749881949,0.434793353996208,0.7269681496938,1.05074972671655
2091-11-01,19.120312703125,17.7582646404959,16.1851407751004,0.234859778297407,0.500533053376231,1.09756054619139,0.484623336517555,0.707483606436383,1.04764523870983
2091-12-01,13.897656484375,12.4706613636364,11.0152612208835,0.317396047367307,0.517102469497095,0.923475922940294,0.563379132882384,0.71909837261469,0.960976546508963
2092-01-01,10.479687734375,9.20371921198347,7.93975914939759,0.257851871801362,0.40085754035646,0.84522743314427,0.507791169479504,0.63313311424728,0.919362514541609
2092-02-01,11.1750002109375,9.85082661983471,8.40321300963855,0.297480300393869,0.51039351801393,0.962167179861823,0.545417546833496,0.714418307445946,0.98090120800304
2092-03-01,13.3781251328125,12.0417357355372,10.5522090064257,0.358572824754053,0.643022732231565,1.43089224972744,0.598809506232202,0.801886982206074,1.19619908448696
2092-04-01,18.45000015625,17.5148762479339,16.077108626506,0.48251965354344,0.736707281053631,1.35709489141096,0.694636346258558,0.858316538960791,1.16494415806551
2092-05-01,21.2062501796875,20.2772728966942,18.8855423413655,0.498543427657629,0.967572592795313,1.50680625181709,0.70607607781147,0.983652678944816,1.22752036716997
2092-06-01,22.890625234375,21.9549588553719,20.7799198955823,0.37266727214585,0.890037590291975,1.32209519581569,0.610464800087483,0.943418035810199,1.14982398471057
2092-07-01,30.224218921875,29.2628100619835,27.9827311365462,0.378227796924356,0.830146393608025,1.24014408710666,0.615002273918037,0.911123698302281,1.11361756770745
2092-08-01,31.8390628359375,30.7223142892562,29.4060242971888,0.366651082997461,0.82754981885414,1.31927804134295,0.60551720289143,0.909697652439611,1.14859829415812
2092-09-01,29.4718751953125,28.3475208471074,26.9626508353414,0.303612231545434,0.72159138224013,1.29009132957655,0.551010191870744,0.849465350817872,1.13582187405268
2092-10-01,22.6875002109375,21.3805787396694,19.7546186626506,0.19496064626001,0.503480162426019,1.10168212508436,0.441543481731992,0.709563360402733,1.04961046349794
2092-11-01,19.303906453125,17.9586778801653,16.3859440522088,0.244630280881069,0.485090373210952,1.07798713126073,0.494601133117453,0.696484295021038,1.03826159095901
2092-12-01,13.9625002265625,12.6033059958678,11.0795182931727,0.259370034448996,0.486959998484444,0.980103005732781,0.509283844677009,0.697825191924485,0.990001518045695
2093-01-01,11.3000001796875,10.0095043057851,8.61847403253012,0.269921233071015,0.405593951442138,0.859415494921087,0.519539443229304,0.636862584426294,0.927046651965847
2093-02-01,13.10156275,11.8991737396694,10.4269078232932,0.271651051968693,0.511285575872036,1.015119843921,0.521201546398985,0.715042359494901,1.00753155976426
2093-03-01,13.1406252109375,11.9132233471074,10.4024098497992,0.392982299261979,0.604222716299331,1.34209097469119,0.626883002849797,0.777317641829472,1.15848650173025
2093-04-01,17.2226565078125,16.2425621570248,14.8682733293173,0.498301524249701,0.81647973856878,1.39483624102234,0.705904755791956,0.903592683994719,1.18103185436394
2093-05-01,18.2312502421875,17.3289257975207,15.9935744859438,0.538700838287587,1.06646271856261,1.68124890193369,0.733962422939749,1.03269681831727,1.29662982455815
2093-06-01,25.319531453125,24.3595043016529,23.0835343012048,0.412292770546423,0.911797322060428,1.31952611173417,0.642100280755602,0.954880789449881,1.14870627739826
2093-07-01,31.670312890625,30.6946282644628,29.4192772971888,0.415804751722917,0.944576805637813,1.29817525269156,0.644829242298236,0.971893412693909,1.13937493946969
2093-08-01,34.646094109375,33.5603309338843,32.1232935461847,0.419512304208272,0.77742409617012,1.27139109865323,0.647697695077164,0.881716562263702,1.12755979826049
2093-09-01,27.9109377109375,26.7979340743802,25.3971889437751,0.26019438196375,0.646178274407754,1.24987105239036,0.510092522944368,0.803852147106515,1.11797632013847
2093-10-01,22.267968921875,20.9797522727273,19.4056226787149,0.204871466806246,0.493820747505394,1.12674252655476,0.452627293483553,0.70272380599023,1.06148128883874
2093-11-01,17.0859377109375,15.6834712396694,14.0899600722892,0.230981789444065,0.513916475601113,1.11760036517378,0.480605648576944,0.716879680002936,1.05716619562573
2093-12-01,13.3320314375,11.9628101157025,10.3939761136546,0.269280859350547,0.462926515462592,0.956374983328965,0.518922787465098,0.680387033579118,0.97794426391741
2094-01-01,12.3265626796875,11.0243803512397,9.80120499718875,0.286060510851526,0.413635488923714,0.843667922127041,0.534846249731197,0.643144998366398,0.918513974922015
2094-02-01,11.3328127109375,10.0384299710744,8.57550217269076,0.277025040379105,0.512666388515655,0.960486251846223,0.526331682857022,0.716007254513287,0.980044005056009
2094-03-01,12.8406251640625,11.6157026735537,10.1606427453815,0.402588562943052,0.758590677603806,1.47376742427725,0.634498670560508,0.870971111807852,1.21398823069964
2094-04-01,16.5742189453125,15.6115704297521,14.2184741084337,0.488070298929784,0.839450631898918,1.43997990049246,0.698620282363592,0.916215385102716,1.19999162517597
2094-05-01,18.485937703125,17.602479607438,16.2381528393574,0.502792801821029,1.03169508827563,1.65914336472359,0.709078840342193,1.01572392325653,1.28807739081299
2094-06-01,24.85546890625,23.8987605289256,22.6502010040161,0.430678516978479,0.96327645069801,1.34178418927338,0.656261012843578,0.981466479660925,1.158354086311
2094-07-01,33.0382815703125,32.0400829380165,30.7052211445783,0.414979660913397,0.857432461640963,1.27081947408368,0.644189149950072,0.925976490868404,1.12730629115768
2094-08-01,34.46484409375,33.4045458305785,31.9791168393574,0.435053612352936,0.822593292003602,1.30206236494741,0.659585940081303,0.906969289448988,1.14107947354573
2094-09-01,31.862500390625,30.7508266528926,29.4236950040161,0.382834716142224,0.931721318788966,1.39996046753807,0.618736386631839,0.965257125738508,1.18319925098779
2094-10-01,23.2460938828125,21.9483473057851,20.3184740682731,0.193527934707301,0.509395558513242,1.09231857053065,0.439918099999649,0.713719523701882,1.0451404549297
2094-11-01,19.46796896875,18.1256200123967,16.5863455502008,0.233690287155684,0.495191531209639,1.10408697195247,0.483415232647549,0.703698466112893,1.05075542918058
2094-12-01,13.355468921875,11.8979340495868,10.4076307281124,0.33209590420782,0.501779884263367,0.881917409698311,0.576277627717596,0.708364231355146,0.939104578680304
2095-01-01,7.83984382890625,6.49586783801653,5.20963861767068,0.331077188583953,0.407617707167809,0.807326098085907,0.575393073110854,0.638449455452668,0.898513270957033
2095-02-01,12.336718921875,11.0789258016529,9.61566282931727,0.276987532751128,0.536110049442898,1.00398756479319,0.526296050480267,0.732195362893605,1.00199179876543
2095-03-01,15.142968921875,13.8549588719008,12.4008034056225,0.406564340034592,0.726054111289208,1.46274127129177,0.637623980128251,0.852088088925792,1.20943841153313
2095-04-01,15.767968953125,14.7904960619835,13.4755022289157,0.565658854650754,1.0768802298311,1.59605055138636,0.752102954821183,1.03772839887472,1.26334894284452
2095-05-01,20.9312501953125,20.0078514090909,18.6742974417671,0.550039302657639,1.17060198589569,1.63643346147836,0.741646346082578,1.08194361493365,1.27923159024407
2095-06-01,25.9453126875,24.9714878471074,23.7024098192771,0.473206177362358,1.05349895944945,1.39007478629047,0.687899830907348,1.02640097401038,1.17901432828039
2095-07-01,30.9929689609375,30.0190084421488,28.7204821204819,0.393887121690621,0.860301071156829,1.24792553146149,0.627604271568176,0.927524162033976,1.11710587298675
2095-08-01,33.140625453125,32.082645,30.8188757751004,0.444478314075478,0.927166703577262,1.32661814908693,0.666692068406005,0.962894959783912,1.15178910790427
2095-09-01,31.6078127421875,30.4929754008264,29.1297190481928,0.334426803272949,0.786216036147752,1.30975839098991,0.578296466592136,0.886688240672984,1.14444676197275
2095-10-01,22.656250234375,21.3690084834711,19.7903616546185,0.202165335630102,0.490529284932101,1.11426146964649,0.449627996937582,0.700377958628126,1.05558584191268
2095-11-01,19.6601565,18.3041324793388,16.7337351405622,0.242258266338772,0.48902851150528,1.08805095295391,0.492197385546461,0.699305735358491,1.0430968090038
2095-12-01,13.7851564296875,12.3330580330579,10.829719064257,0.329305410691586,0.495998050128746,0.868145560192536,0.5738513838021,0.704271290149432,0.931743290929715
2096-01-01,10.6632815,9.31074403305785,8.12690774819277,0.304231661614362,0.429759639470704,0.879232790156195,0.551571991325124,0.655560553626211,0.93767413857704
2096-02-01,12.131250265625,10.8260332520661,9.34257047550201,0.285314954921457,0.48749369580277,0.94850309241659,0.534148813460684,0.698207487644447,0.973911234362039
2096-03-01,14.76406271875,13.4004133966942,11.9546186305221,0.36169048120096,0.690414732958547,1.51273058667263,0.601407084428642,0.830911988695883,1.22993113086572
2096-04-01,18.1851564921875,17.2214877933884,15.8353416144578,0.518439370042016,0.906673290813227,1.4576975161357,0.720027339787883,0.952193935505382,1.2073514468189
2096-05-01,21.5835939375,20.7057853677686,19.2843375903614,0.559335017815114,1.10303693337696,1.67245521267022,0.747887035463989,1.05025565143776,1.29323439973974
2096-06-01,25.3687501875,24.4016530743802,23.1040162208835,0.407834651181256,0.837424659325961,1.28369349686501,0.638619331982094,0.915109096952905,1.13300198449297
2096-07-01,29.8703127578125,28.9363638181818,27.718474124498,0.41312742408976,0.97311204979268,1.35151222731589,0.642749892329637,0.986464418918736,1.16254558074765
2096-08-01,31.4765628359375,30.5264464793388,29.306024313253,0.440076396186406,1.01232672640186,1.34202000485831,0.663382541363885,1.00614448584776,1.15845587091538
2096-09-01,29.80390646875,28.6966944380165,27.3453817228916,0.339590824065133,0.819242068584928,1.3530530980148,0.582744218388422,0.905119919449864,1.16320810606477
2096-10-01,24.119531453125,22.8561985413223,21.3044178795181,0.208198222514927,0.526206307870258,1.1453431858986,0.456287434097113,0.725400791197706,1.07020707617666
2096-11-01,19.3460938984375,17.9962812272727,16.4746989799197,0.226913741129557,0.523513110027272,1.13625240216688,0.476354637984723,0.723542058229701,1.06595140703828
2096-12-01,15.9367190234375,14.514463,13.0510041807229,0.326436416572543,0.507134384376548,0.913718683926165,0.571346144270304,0.71213368434343,0.955886334208291
2097-01-01,9.22968775234375,7.91074388553719,6.54016070200803,0.256592051041035,0.422622724313354,0.892735476232042,0.506549159550221,0.650094396463586,0.944846800403135
2097-02-01,11.6835939453125,10.3698349132231,8.90401627831325,0.296657887364824,0.502364325081607,0.962967787450283,0.544663095284437,0.708776639768557,0.981309221117524
2097-03-01,13.51093775,12.1685952231405,10.6265062248996,0.350273121260032,0.538262807791377,1.33235908705807,0.591838762890732,0.733663961082577,1.15427860027728
2097-04-01,16.2718751953125,15.273553946281,13.8433736787149,0.457155585876143,0.702949140708657,1.35165954223684,0.676132816742497,0.838420622783491,1.16260893779329
2097-05-01,20.5820314453125,19.6657027231405,18.3084339317269,0.4918792974288,1.00682715114384,1.56037220617,0.701341070684443,1.00340776912671,1.24914859251011
2097-06-01,25.725781453125,24.761983677686,23.4755021927711,0.472322242003116,1.08693051757501,1.42242160525342,0.687257042163349,1.04255959905178,1.19265317894744
2097-07-01,29.660156484375,28.7000001694215,27.463454,0.420998411540535,0.98522816680512,1.36361862371436,0.648843903832451,0.992586604183796,1.16774082043678
2097-08-01,30.24843771875,29.2438018842975,27.9124500321285,0.325981790452928,0.776662671259738,1.28762652249338,0.570948150406784,0.881284670954702,1.13473632289329
2097-09-01,30.7031252265625,29.576033268595,28.1787150160643,0.307706705659625,0.731124467137782,1.29579515409393,0.554713174225766,0.855058165938308,1.13832998471178
2097-10-01,23.9210939765625,22.6404960950413,21.1036146305221,0.208764164185708,0.579598091457945,1.193898193053,0.456907172394687,0.761313398974394,1.09265648446939
2097-11-01,20.035937703125,18.6743803140496,17.0843375341365,0.239800655364336,0.494444684935486,1.08181005041795,0.489694451024653,0.703167607996476,1.04010098087539
2097-12-01,12.5968752265625,11.1533060082645,9.72489980722892,0.330541406151751,0.488889485539079,0.861232414114688,0.574927305101916,0.699206325442697,0.928026084824499
2098-01-01,12.441406453125,11.1235539049587,9.90562267068273,0.296460997810202,0.415832982082385,0.867790879064794,0.544482320934484,0.644851131721411,0.931552939485886
2098-02-01,9.41875018984375,8.11528937768595,6.5819277746988,0.289094472982437,0.495740456153859,0.981647894570555,0.537675062637683,0.704088386606297,0.990781456513269
2098-03-01,11.68828146875,10.4198349090909,8.94538167550201,0.268286848277731,0.569480379603054,1.33047257055913,0.517964138022828,0.75463923804892,1.1534611265921
2098-04-01,20.3109376953125,19.3152894710744,17.8927713253012,0.504603865772796,0.791341975776034,1.34728621943275,0.710354746428006,0.889574041761581,1.16072659116295
2098-05-01,20.7484377421875,19.8681820289256,18.5108435582329,0.5204700606055,0.936867195209522,1.49701899634683,0.72143610985693,0.967919002401297,1.22352727650299
2098-06-01,25.8085939296875,24.8421489710744,23.5859439759036,0.461264169131546,1.06087167778214,1.41282579281659,0.679164316738995,1.02998625125879,1.18862348656612
2098-07-01,30.2500001484375,29.280578731405,28.0212853253012,0.424881904724537,0.941654419365077,1.29135967901945,0.651829659285719,0.970388798041835,1.13638007683145
2098-08-01,30.194531515625,29.1338845082645,27.8076307349398,0.330442338951968,0.792373986324367,1.30288495241628,0.57484114236193,0.890153911593027,1.14143985930766
2098-09-01,30.4906251953125,29.3425621942149,27.8951809879518,0.26888780684071,0.610006681447991,1.19868634799864,0.518543929518715,0.781029244937724,1.0948453534626
2098-10-01,24.9125002421875,23.6363638636364,22.0369480040161,0.198582637992311,0.513112082987728,1.10258100082605,0.445626119064301,0.716318422901246,1.05003857111349
2098-11-01,19.6937502109375,18.3293390661157,16.7489961927711,0.245314990059223,0.485899141271049,1.07831557298566,0.495292832634617,0.697064660753254,1.03841974797558
2098-12-01,14.34218765625,12.9396696198347,11.3995986144578,0.298678604822968,0.464809808072585,0.895927334207972,0.546514963036665,0.681769615099254,0.946534380890611
2099-01-01,9.9265626796875,8.58388440289256,7.30040167951807,0.281808529749164,0.430735103660802,0.869072462438503,0.530856411611619,0.656304124366746,0.932240560391202
2099-02-01,8.97265643984375,7.72644641322314,6.20441772650602,0.278065349007289,0.443696107921619,1.06873042878807,0.527319020145575,0.666105177822256,1.03379419073047
2099-03-01,13.080468984375,11.7896696157025,10.3413656598394,0.282528866511008,0.593876281845773,1.43299980203378,0.531534445272372,0.770633688496534,1.19707969744448
2099-04-01,17.4210939609375,16.4330580991736,15.0240966104418,0.498055522330384,0.796413000096206,1.3825622515645,0.705730488451777,0.89241974434467,1.17582407339044
2099-05-01,19.36875015625,18.4938018471074,17.1357432168675,0.559015702756038,1.1779281612532,1.76738662979679,0.747673526852488,1.0853239890711,1.32943094209394
2099-06-01,26.386718890625,25.4190084214876,24.128112626506,0.473759202780633,1.05507279227749,1.39719040313527,0.688301680065241,1.02716736332376,1.18202808897897
2099-07-01,28.38125025,27.4442151570248,26.2020082409639,0.364527494488378,0.807871034079967,1.24552023860944,0.603761123697425,0.898816462955573,1.11602878036789
2099-08-01,30.9890626953125,29.9785126239669,28.6759038353414,0.414997567298387,0.893395310483356,1.33804611426368,0.644203048190853,0.94519591116517,1.15673943231122
2099-09-01,29.4960938984375,28.3929754132231,27.0433736827309,0.330457058452391,0.794016815575762,1.34319175156448,0.574853945322106,0.891076211990738,1.15896149701553
2099-10-01,23.3804689765625,22.0987605619835,20.5763054457831,0.206938387463267,0.55945900264755,1.18778313652045,0.454904811431213,0.74796992095107,1.08985464008759
2099-11-01,19.4359376953125,18.0867770661157,16.5281126024096,0.237280989788544,0.496670860052975,1.09267422546327,0.487114965679093,0.704748792161416,1.04531058803749
2099-12-01,14.48515646875,13.1152894256198,11.6357431445783,0.29481725280529,0.495159444391623,0.95932218256589,0.542970766068755,0.703675667045282,0.979449938774765
2100-01-01,9.5937502109375,8.2388431607438,6.93654626305221,0.301692996358435,0.41641038400411,0.83660256973218,0.549265870374662,0.645298678136031,0.914659810930917
2100-02-01,7.69453133671875,6.41818187396694,4.81807233694779,0.286662816507187,0.443402497548109,0.998744668018861,0.535409017954673,0.665884747946751,0.999372136903397
2100-03-01,13.6695313828125,12.3371902892562,10.9060242983936,0.326702147330333,0.714212740818381,1.56145552148967,0.57157864492153,0.845111081940345,1.24958213875266
2100-04-01,15.6960939921875,14.7706613347107,13.3767070200803,0.463685404072528,0.836106657004365,1.50001977352652,0.680944494120136,0.914388679394252,1.22475294387338
2100-05-01,19.918750140625,19.0252067892562,17.712048437751,0.486259761614295,1.05707979793232,1.59412833287038,0.697323283430501,1.02814386052357,1.26258795054855
2100-06-01,25.385156390625,24.4272729173554,23.1883536305221,0.456707022121185,1.04107878543961,1.39748485869948,0.675801022580748,1.02033268370645,1.18215263764858
2100-07-01,28.852343953125,27.9000002107438,26.6666668393574,0.423773961835793,0.994854775103902,1.3137634790324,0.65097923302959,0.997424069843866,1.14619521855241
2100-08-01,32.1781253671875,31.0950415702479,29.8076306907631,0.383769783120628,0.811510681252628,1.30143351357703,0.61949155209787,0.900838876410553,1.14080388918386
2100-09-01,31.00859396875,29.8561985495868,28.4626508032129,0.321106711761999,0.834836966688547,1.38726873926367,0.566662784874743,0.913694131910973,1.17782373013268
2100-10-01,23.486718953125,22.1863638595041,20.5726910080321,0.192499387131069,0.506078789513565,1.09941244322794,0.438747520940083,0.711392148897895,1.04852870405532
2100-11-01,17.5617189609375,16.2289258264463,14.7224901646586,0.255767108206368,0.490280191571099,1.00239542230228,0.505734226848815,0.700200108234138,1.00119699475292
2100-12-01,12.9835939921875,11.521074607438,10.0136548485944,0.323744454269378,0.491296852045717,0.868280616743602,0.568985460507892,0.700925710789465,0.931815763304958
